{
"user": "user_1",
"user_info": {
	"active":true,
	"json_timestamp":"2019-10-24 19:00:33.767830",
	"json_timestamp_epoch":"1571936433767.8774",
	"json_timestamp_epoch_info":"json_timestamp_epoch is the time in milliseconds since the epoch as a floating point number. Epoch is designed to be January 1, 1970, 00:00:00 (UTC)"
},
"modelUserData_0": [
		[ 0.47751272654643795, 0.2995768393569881, 0.1820465033415299, 0.027495976627253286, 0.0025495067427116413, 0.0007577360922433963, 0.006132354895496483, 0.003928356397339241 ],
		[ 0.21994390184659396, 0.2075907406172645, 0.009757479162172589, 0.2055209510304776, 0.3161570624498737, 0.006861012733776675, 0.01605501276568326, 0.018113839394157713 ],
		[ 0.9672316395795434, 0.004128792757522168, 0.006801829034722375, 0.016842654981137337, 0.004330805680603386, 0.00014552877179246142, 0.00034965532894824146, 0.00016909386573064233 ],
		[ 0.09283334906109142, 0.031929957269647855, 0.1442736187431817, 0.7214357729849932, 0.008568989113802848, 0.000628436118647012, 4.1208515485571535e-05, 0.0002886681931504322 ],
		[ 0.7133064369163543, 0.17469251379952336, 0.06452513992394769, 0.013038833432169036, 0.0033957329937331538, 0.028262523654380898, 0.002730996536018259, 4.7822743873290104e-05 ],
		[ 0.7648555566770364, 0.012497492018082089, 0.10456685112667789, 0.10783554623678863, 0.009602552358677848, 0.00040704637832643706, 4.526597201502737e-05, 0.00018968923239565076 ],
		[ 0.00866683914002997, 0.11472539416645962, 0.5397461101562903, 0.07359631769048529, 0.21317659077841705, 0.020959096034237113, 0.015083325024055984, 0.014046327010024659 ],
		[ 0.7611896024899147, 0.19174859189140706, 0.013006683032964234, 0.018581597614781103, 0.005107018867452441, 0.0021404451245225723, 0.0077304174055128835, 0.0004956435734449708 ]
	],
"modelUserData_1": [
		[ 0.15302940173034973, 0.16603623434648382, 0.3695604351245726, 0.1997835835749489, 0.05639000798823918, 0.027135096405584435, 0.00546443001535005, 0.017384025792134935, 0.005216785022336318 ],
		[ 0.29110551935001616, 0.27722723685365536, 0.03138494336088272, 0.3174602795329294, 0.041499998976529416, 0.011056221544195888, 0.018336497489396107, 0.0077629128119034874, 0.004166390080491493 ],
		[ 0.2634163957566633, 0.3123749817051477, 0.21647991478371983, 0.024137958810170057, 0.13783065573395673, 0.004074374503023659, 0.017418625166774986, 0.0016621935639384144, 0.0226048999766053 ],
		[ 0.5773366323194857, 0.12979907455513728, 0.1996858555398868, 0.05013379947397769, 0.002462759873679906, 0.038661129749886794, 0.00010317001558800928, 0.0011870762989102202, 0.0006305021734475654 ],
		[ 0.04156723037705767, 0.5846855084207249, 0.0032866126291788314, 0.10382265190591232, 0.0866832392871976, 0.03221196411463215, 0.03261496407522152, 0.018128759427318092, 0.09699906976275693 ],
		[ 0.3664265217514705, 0.2725964520131436, 0.20288305389324301, 0.040528784552251944, 0.04990515623153388, 0.04723885977884523, 0.012561455830908407, 0.0036732865060323822, 0.0041864294425710425 ],
		[ 0.8048354134324007, 0.04532259057306551, 0.14290985199318254, 0.0006218302559269773, 0.0048270459630253, 0.0006992681674244831, 0.000517236534611901, 0.0001285560631570233, 0.0001382070172055411 ],
		[ 0.6580638371866055, 0.24625511456664845, 0.05698323312939443, 0.015885706944994443, 0.0008080562811427312, 0.0059904275455063966, 0.0075877328083611565, 0.007448939913447773, 0.0009769516238990758 ],
		[ 0.7496126173380435, 0.20133778417497028, 0.028783819309831017, 0.0025183800273933417, 0.010923157689192001, 0.005748070608443383, 0.00025632621518645267, 0.00038313390920817085, 0.0004367107277318348 ]
	],
"modelUserData_2": [
		[ 0.7157229252231107, 0.0850777074521379, 0.06093671648770917, 0.11448238478416456, 0.023780266052877752 ],
		[ 0.8388547423300727, 0.15482962895086297, 0.002657949653575123, 0.0034380986033617695, 0.0002195804621274054 ],
		[ 0.8853271575541168, 0.08587719002809366, 0.012143314278550452, 0.015808331061773567, 0.0008440070774654827 ],
		[ 0.34122824374868665, 0.19620979910840197, 0.2669788605297864, 0.0411705815304335, 0.15441251508269144 ],
		[ 0.19005082508626248, 0.3791421266203054, 0.2187426676735754, 0.06640156522515295, 0.1456628153947038 ]
	],
"modelUserData_3": [
		[ 0.668936260001536, 0.21720353473049983, 0.05812670909467999, 0.03876958777626264, 0.004529237483359589, 0.012434670913661896 ],
		[ 0.17676115800615, 0.4646301994323791, 0.3048097448871862, 0.04714332294672512, 0.00037447464906556575, 0.006281100078494007 ],
		[ 0.007308022946674209, 0.766127965776642, 0.20628132850704436, 0.00046493352742804254, 0.01678965733975097, 0.003028091902460419 ],
		[ 0.45855904707231, 0.11945711516344971, 0.15605408934314105, 0.18386048933708254, 0.08092740526578855, 0.0011418538182281918 ],
		[ 0.6800671369509624, 0.046314923449430515, 0.1811297031920874, 0.08739830366734193, 0.0028204807782023027, 0.0022694519619754273 ],
		[ 0.6639846444345823, 0.27124168424001455, 0.030997218821528345, 0.004093391218354155, 0.0006402973287430008, 0.02904276395677768 ]
	],
"modelUserData_4": [
		[ 0.7043653884518297, 0.2485078557203268, 0.015688682467695142, 0.03143807336014834 ],
		[ 0.4955433935302972, 0.07193825766491109, 0.18459927026747613, 0.2479190785373156 ],
		[ 0.021232152716080477, 0.9239313312668199, 0.025790825234224966, 0.029045690782874636 ],
		[ 0.5015102846353788, 0.293610604947693, 0.03406747766588319, 0.170811632751045 ]
	],
"modelUserData_5": [
		[ 0.8009094734948591, 0.19174381573824095, 0.004187951484191187, 0.0021830214686092593, 4.52742754662052e-05, 0.0001567625072587903, 7.089368688579888e-05, 0.0007028073444887261 ],
		[ 0.1640430915281249, 0.8176606346326353, 0.00848970538913613, 0.003211837515890608, 0.0003586591078571679, 0.0023779833939568244, 0.0008701208287892868, 0.0029879676036098013 ],
		[ 0.8957269635136639, 0.04503193424046708, 0.007807684923175726, 0.04031687681388214, 0.009808646657379844, 0.0012390383483532191, 3.968873989576138e-05, 2.9166763182357322e-05 ],
		[ 0.19265756332269857, 0.49002234654391436, 0.19329005391517903, 0.03322283266398308, 0.04637688205733427, 0.006126540739664476, 0.011252298941284303, 0.027051481815941927 ],
		[ 0.13199939180439457, 0.3059635891592986, 0.4994336271225101, 0.006891536083845714, 0.036753164346658936, 0.01869875087489314, 0.00022538660287368427, 3.45540055252964e-05 ],
		[ 0.21352096859673675, 0.009863269937790606, 0.027559909022899492, 0.35536409409681824, 0.013320986663251818, 0.2702293917862724, 0.029919055224875524, 0.08022232467135511 ],
		[ 0.8751100647228173, 0.013600262107523324, 0.07402270643829799, 0.024984841507685103, 0.009684946995948457, 0.0011375826948388178, 0.00021110119663441643, 0.00124849433625462 ],
		[ 0.22260770434367894, 0.41016689950661406, 0.04514567821389961, 0.02731496821633932, 0.12206819525283555, 0.08815133762730565, 0.0459352084523396, 0.03861000838698729 ]
	],
"activityUserData_0": [
		[ 0.4651078668401104, 0.3076357163761996, 0.17632730260350732, 0.03561287896463115, 0.003930746967562898, 0.0026168635000605326, 0.008768624747928137, 0.0 ],
		[ 0.20687134497988602, 0.211712948107329, 0.014560554348116837, 0.20405755050326305, 0.322060241091646, 0.00023073221678855324, 0.009872967663392362, 0.030633661089578188 ],
		[ 0.9653841871951978, 0.0039628978552875066, 0.004157348099901346, 0.014731367038505786, 0.0019215815062378584, 0.006623216257260028, 0.0032194020476096945, 0.0 ],
		[ 0.07901709650838762, 0.03417147275220909, 0.15274278916816406, 0.7090921341674886, 0.009255473995983666, 0.00467687844758209, 0.00561880042743617, 0.005425354532748646 ],
		[ 0.7063217721674604, 0.16469258724068522, 0.0652309404828057, 0.01602249053843829, 0.007194790679039468, 0.033706063250880935, 0.006831355640689983, 0.0 ],
		[ 0.7547219584173818, 0.003918410279792025, 0.10075107196127098, 0.0892826251713501, 0.022528985958998392, 0.0018633383764451708, 0.007446570671776316, 0.01948703916298524 ],
		[ 0.02296180033573891, 0.10097734021710755, 0.5344453294542574, 0.07116856376328821, 0.22085391288399117, 0.034106800582700936, 0.015486252762915724, 0.0 ],
		[ 0.7659034553745564, 0.19156864656598419, 0.004299122031327359, 0.021965497330603254, 0.008827307568895031, 0.007024264204895017, 0.0004117069237388082, 0.0 ]
	],
"activityUserData_1": [
		[ 0.1414961080462292, 0.17959885150244345, 0.3644584368089515, 0.1870086073531605, 0.05920438157641707, 0.02927621717965228, 0.012684049237397615, 0.013104955640163061, 0.01316839265558535 ],
		[ 0.274142386885526, 0.27585784573618194, 0.034066913081923736, 0.32164210004490934, 0.046088744252947365, 0.004983771890202736, 0.01933391542546381, 0.02388432268284499, 0.0 ],
		[ 0.2602471797960523, 0.3297569370032365, 0.1928486506909078, 0.03744018973830203, 0.1477663671544592, 0.005247091839789096, 0.012501580850905698, 0.014192002926347374, 0.0 ],
		[ 0.5625772988541576, 0.11401998442892752, 0.19562178445851114, 0.046087993550853364, 0.010246431998885606, 0.032131059396827526, 0.013074914939118729, 0.005612419608675597, 0.02062811276404288 ],
		[ 0.051933561798376424, 0.5728885966900593, 0.0014987137324548564, 0.10461409480052831, 0.08841367997553971, 0.0627884286307528, 0.033288002344835595, 0.020640220269320397, 0.06393470175813261 ],
		[ 0.363307030517718, 0.26000226571640317, 0.20425701368932836, 0.046700788948605396, 0.0504941612852452, 0.06088746778275583, 0.0012283382379732685, 0.004049629140629466, 0.009073304681341342 ],
		[ 0.7997431950209919, 0.05758746353394771, 0.1345246197233327, 0.00025995562953346277, 0.006197784006535668, 0.0039022905449437543, 0.00023544733195002233, 0.013916458373973083, 0.0 ],
		[ 0.650609333581663, 0.26563845836970096, 0.05015370355891657, 0.012749744074597441, 0.000641091839103385, 0.01509163754993948, 0.0017309231999917273, 0.0033851078260875227, 0.0 ],
		[ 0.7473630057804874, 0.20069448896595826, 0.016819392998789442, 0.0011870176217066968, 0.005301446553944764, 0.0226987881276995, 0.006963348897304222, 0.008659706093267916, 0.0 ]
	],
"activityUserData_2": [
		[ 0.7195881240075438, 0.07907733232738842, 0.0649768759806255, 0.11376770331266103, 0.022589964371781263 ],
		[ 0.8329592881058021, 0.14990193790704437, 0.013242799781417342, 0.003895974205736233, 0.0 ],
		[ 0.8821291692159494, 0.06859641910921904, 0.021821447062501366, 0.0026317988822003677, 0.02482116573012981 ],
		[ 0.33951336829902884, 0.21264509334259804, 0.2823258502017631, 0.039441532454821675, 0.12607415570178837 ],
		[ 0.19229454750302372, 0.38087397317785676, 0.21004089394781847, 0.07025487285735584, 0.14653571251394515 ]
	],
"activityUserData_3": [
		[ 0.6811539387262436, 0.21716040100629738, 0.06785686081730297, 0.025959322507350724, 0.007869476942805341, 0.0 ],
		[ 0.1737662179839488, 0.48034190746932903, 0.30411024269573234, 0.04443038104676725, 0.0017348896162908052, 0.0 ],
		[ 0.00882343831653061, 0.7527218152718449, 0.21755717455093018, 0.005672621689333229, 0.01522495017136109, 0.0 ],
		[ 0.46714944414784704, 0.11988287039533004, 0.13707936038656277, 0.19100677741208105, 0.08488154765817911, 0.0 ],
		[ 0.6741794954002035, 0.06216959826547984, 0.16644900383640046, 0.07789125459778555, 0.0036275688488678183, 0.01568307905126282 ],
		[ 0.6579313125930668, 0.27087177197974455, 0.008026411765698939, 0.003688799871419706, 0.010775518265282835, 0.04870618552478717 ]
	],
"activityUserData_4": [
		[ 0.7020478069476218, 0.24422181419363312, 0.030962651246260887, 0.022767727612484183 ],
		[ 0.5151726073615422, 0.07799078589323712, 0.189696373302629, 0.21714023344259165 ],
		[ 0.0048278576752592665, 0.9245018151374563, 0.02288942195380492, 0.04778090523347947 ],
		[ 0.4964832772542752, 0.28625874815620106, 0.025892168916800292, 0.19136580567272343 ]
	],
"activityUserData_5": [
		[ 0.791326419506309, 0.20659447182533072, 0.0009566755841000116, 0.001011866794499642, 0.002105311267230668, 0.0021968508860418694, 0.0020472076203943913, 0.0 ],
		[ 0.14382571355170953, 0.8197788435962935, 0.006047426300347311, 0.007310543236235159, 0.015193058541456595, 0.0008445633037126475, 0.006999851470245306, 0.0 ],
		[ 0.8949048985434507, 0.046427531194126986, 0.009899213454516225, 0.03069058366020979, 0.009185416330882714, 0.008226650112125963, 0.0006657067046876228, 0.0 ],
		[ 0.1841719690576706, 0.48694463713870156, 0.19308745147402856, 0.03571539962097532, 0.04343959102023895, 0.006987599806575724, 0.017758322433529893, 0.03189502944827935 ],
		[ 0.12452880551606278, 0.2920507787867676, 0.49624632244092776, 0.017493900648124453, 0.04075467893729802, 0.013367273173670455, 0.015558240497148903, 0.0 ],
		[ 0.2067826144202028, 0.011230557805672742, 0.037484585344341056, 0.34694872062265675, 0.01063914996793321, 0.27719355169639115, 0.036061771102529505, 0.07365904904027287 ],
		[ 0.8788379479456284, 0.0017190715057493998, 0.06592709613148873, 0.013680941200060075, 0.018918813948343167, 0.010618590671095187, 0.01029753859763507, 0.0 ],
		[ 0.2193799467660388, 0.4040132772509884, 0.04666038377437973, 0.03406047561974667, 0.1293397555976951, 0.07144564640502968, 0.045249832989585376, 0.0498506815965363 ]
	]
}