{
"user": "user_3",
"user_info": {
	"json_timestamp":"2019-09-26 13:31:48.095792",
	"json_timestamp_epoch":"1569497508095.813",
	"json_timestamp_epoch_info":"json_timestamp_epoch is the time in milliseconds since the epoch as a floating point number. Epoch is designed to be January 1, 1970, 00:00:00 (UTC)"
},
"modelUserData_0": [
		[ 0.7977072252313754, 0.10874353379672294, 0.0559578534606554, 0.03759138751124628 ],
		[ 0.19308386662113758, 0.07870825414144939, 0.20986762830280487, 0.518340250934608 ],
		[ 0.0029292290956641847, 0.31397994677691027, 0.6206837580236778, 0.0624070661037478 ],
		[ 0.006279679051822853, 0.49856826528491743, 0.11349076021286197, 0.38166129545039795 ]
	],
"modelUserData_1": [
		[ 0.16620275411944985, 0.6707101251978494, 0.09606717366763501, 0.06599375589351335, 0.0010261911215523473 ],
		[ 0.25970261029445807, 0.09792150697064188, 0.372254303657275, 0.27005855592211186, 6.30231555132088e-05 ],
		[ 0.3015289332335065, 0.12390549933129123, 0.23914659260496093, 0.20725960525495715, 0.12815936957528415 ],
		[ 0.19083606885855126, 0.010603236321523438, 0.11262902173520548, 0.39991500844631495, 0.28601666463840475 ],
		[ 0.08172963349403434, 0.09685963217869399, 0.17990290833492353, 0.056773074483102814, 0.5847347515092456 ]
	],
"modelUserData_2": [
		[ 0.012448748067110715, 0.5837931810299372, 0.15791675683699427, 0.05390631466560753, 0.18467036654779045, 0.0016933771668134479, 0.005571255685746429 ],
		[ 0.6742101066212993, 0.018814258733874406, 0.15771533543368188, 0.085416323268767, 0.058666956490661795, 0.003901017556591288, 0.0012760018951242847 ],
		[ 0.005067189166690699, 0.1573598289037218, 0.015399582911838034, 0.027847917007360935, 0.08710209579566551, 0.032586059785132265, 0.6746373264295907 ],
		[ 0.199457780454987, 0.19672610039379396, 0.16023319704885797, 0.18752573471758552, 0.03764407881881297, 0.0202097578886182, 0.19820335067734438 ],
		[ 0.029850630169850425, 0.030417723362822766, 0.010834722941105109, 0.30943479911364297, 0.355863022527664, 0.009753458940652087, 0.25384564294426254 ],
		[ 0.07823690367375885, 0.010056026032139424, 0.4321540426428287, 0.053605474107301175, 0.030823720820507435, 0.13898772976020102, 0.2561361029632634 ],
		[ 0.000728641846303002, 0.0028328815437104627, 0.06574636218469404, 0.2822634371197349, 0.24522975899889787, 0.7928685989019916, -0.3896696805953318 ]
	],
"modelUserData_3": [
		[ 0.2109973030919382, 0.2717123737276372, 0.08910276465248869, 0.3389323402721538, 0.03336954606159382, 0.05588567219418838 ],
		[ 0.2899669929780515, 0.5501000107383652, 0.1359623711261046, 0.006395593009766776, 0.009945668991083243, 0.007629363156628646 ],
		[ 0.41955260017708584, 0.021440267324584504, 0.5509707623414724, 0.0063745503833940054, 0.0004549226340746306, 0.0012068971393886837 ],
		[ 0.06352090705171125, 0.12381477286859406, 0.19319458799986758, 0.23806172993031188, 0.08032715483546247, 0.30108084731405277 ],
		[ 0.013848391212518334, 0.02514389603812075, 0.01913809842920038, 0.32261762887994344, 0.2965668696217741, 0.3226851158184431 ],
		[ 0.002113805488694862, 0.0077886793026982135, 0.01163141545086636, 0.08761815752443014, 0.5793358378560116, 0.3115121043772984 ]
	],
"modelUserData_4": [
		[ 0.4160746854791266, 0.01593204933463811, 0.3833325488997829, 0.07540569022354898, 0.10925502606290338 ],
		[ 0.06859314492627087, 0.4140548350065356, 0.081900159932158, 0.3119703941246599, 0.12348146601037563 ],
		[ 0.4549094351174033, 0.17726850214224435, 0.32902203035073907, 0.023228770265142945, 0.015571262124470436 ],
		[ 0.03383298989419653, 0.0483466444183819, 0.03189331413895256, 0.34237717118813377, 0.5435498803603354 ],
		[ 0.026589744583002672, 0.3443979690982001, 0.17385194667836737, 0.2470179741985145, 0.2081423654419151 ]
	],
"modelUserData_5": [
		[ 0.6107590175187497, 0.26937047308779966, 0.07861642643821638, 0.01735259971066496, 0.013946484929336122, 0.006373777754613405, 0.003581220560619748 ],
		[ 0.009982183779849958, 0.4305332701787616, 0.21340613733798444, 0.21848110894127273, 0.10958827575473178, 0.002612017065532946, 0.01539700694186655 ],
		[ 0.3137954435872482, 0.20897965610748268, 0.04374789365722856, 0.08090282007882003, 0.24983856920267775, 0.006006062914775789, 0.09672955445176698 ],
		[ 0.0404247692020924, 0.01149239569398995, 0.2759933290528835, 0.5665894799797345, 0.015363009721622113, 0.045531925161173985, 0.04460509118850351 ],
		[ 0.01624158351135409, 0.04917378474066369, 0.36389864506210934, 0.09124867185460478, 0.343826591734378, 0.10428868033256486, 0.031322042764325236 ],
		[ 0.005380909627699536, 0.015264264717253674, 0.005637023967135718, 0.002701978725754185, 0.2098643206837998, 0.5190489503053162, 0.24210255197304087 ],
		[ 0.003416092773006108, 0.015186155474048715, 0.01870054448444209, 0.022723340709148873, 0.05757274797345446, 0.3161385864660228, 0.5662625321198771 ]
	],
"activityUserData_0": [
		[ 0.7978918432093065, 0.12401239677289987, 0.06549828526235345, 0.01259747475544018 ],
		[ 0.18592663845872182, 0.07557012632894244, 0.20392129302608317, 0.5345819421862525 ],
		[ 0.0011231905291579163, 0.3039054846252472, 0.5972851040927489, 0.09768622075284594 ],
		[ 0.015058327802813761, 0.4965119922729105, 0.1332953176188144, 0.35513436230546136 ]
	],
"activityUserData_1": [
		[ 0.18069374605064079, 0.6690086494581629, 0.10412463716987688, 0.06594174517042437, -0.019768777849104913 ],
		[ 0.2585307814653365, 0.09502452587469508, 0.36632873788707, 0.2782500927019899, 0.0018658620709084972 ],
		[ 0.3077799451369592, 0.13468769291913754, 0.2415400091559254, 0.23283842934165275, 0.08315392344632513 ],
		[ 0.17197394708705133, 0.0166087571713271, 0.12841035946368798, 0.3861887627663867, 0.2968181735115468 ],
		[ 0.08102158026001216, 0.08467037457667745, 0.15959625632343974, 0.03678097001954628, 0.6379308188203245 ]
	],
"activityUserData_2": [
		[ 0.025004694004331925, 0.5933310955406901, 0.16522749739590503, 0.06279796829411648, 0.20183443126310932, 0.0007652173396292554, -0.048960903837782094 ],
		[ 0.6692221577147701, 0.014346387718247339, 0.15302230647378665, 0.09089861402048542, 0.0639177869058924, 0.0033254610861580816, 0.005267286080659976 ],
		[ 0.018721290786642704, 0.1759635666611671, 0.011986442457889877, 0.00208642293350271, 0.09603532666137705, 0.03577981510332333, 0.6594271353960973 ],
		[ 0.18966305095478372, 0.21380067897257257, 0.16113348903362243, 0.1712139361974706, 0.03733881170719048, 0.029240786483860817, 0.19760924665049928 ],
		[ 0.026425887220519084, 0.04431843760926775, 0.011208807984839239, 0.32058576484356793, 0.3450086898397318, 0.00575264559997132, 0.2466997669021028 ],
		[ 0.08466307146293896, 0.0005093574047407984, 0.42891073941902813, 0.04717962899323058, 0.030773918466523373, 0.14923666109826136, 0.25872662315527684 ],
		[ -0.013700152143986497, -0.042269523906685674, 0.06851071723492863, 0.30523766471762637, 0.22509103515617557, 0.7758994132887957, -0.31876915434685416 ]
	],
"activityUserData_3": [
		[ 0.20540847177109445, 0.2593677007457958, 0.09300517091017382, 0.32702757904497987, 0.0349545513390227, 0.08023652618893345 ],
		[ 0.29277813071321546, 0.5432952593568305, 0.15815033483435673, 0.009414688962213164, 0.027009126516366985, -0.030647540382982872 ],
		[ 0.4226207473357682, 0.02016417763126952, 0.5487574666580214, 0.021809169707813002, 0.010278280006652863, -0.02362984133952495 ],
		[ 0.048345546544340215, 0.11245396968842034, 0.18536863302040843, 0.25391077403513707, 0.07986562040965736, 0.3200554563020366 ],
		[ 0.002842492627516676, 0.04003001523784212, 0.0074396709624715875, 0.322980709820467, 0.2984921290595368, 0.32821498229216584 ],
		[ 0.028004611008064995, 0.02468887733984175, 0.007278723614568102, 0.06485707842938981, 0.5494002926687632, 0.3257704169393719 ]
	],
"activityUserData_4": [
		[ 0.41950296097877937, 0.00676065596410709, 0.3904802257136389, 0.05738449686409286, 0.12587166047938175 ],
		[ 0.08383349221359775, 0.4116976132072723, 0.08294527723389694, 0.30410630318863685, 0.11741731415659623 ],
		[ 0.4697784987622811, 0.17579280326625607, 0.3321749346307631, 0.029287111928094575, -0.007033348587394791 ],
		[ 0.04557136577979677, 0.028586510526506344, 0.04895215184196636, 0.32943625461623277, 0.5474537172354978 ],
		[ -0.01868631773445502, 0.3771624170358582, 0.14544741057973473, 0.279785833402943, 0.21629065671591907 ]
	],
"activityUserData_5": [
		[ 0.6134134446664723, 0.285518013437242, 0.07161407793483439, 0.03879209720859125, 0.016126524151888234, 0.004086177325009164, -0.029550334724037317 ],
		[ 0.0019561356954131207, 0.4265163694098688, 0.2176329874225368, 0.22792651511397036, 0.10628777448748185, 0.020462320822297406, -0.0007821029515682927 ],
		[ 0.30683108769193707, 0.2159517058844868, 0.03218670051991192, 0.09804826219690213, 0.25121471799868045, 0.007090827527316679, 0.08867669818076487 ],
		[ 0.04626444613765107, 0.022581383521111706, 0.28956883988621684, 0.5823344494679699, 0.004761088898965232, 0.053501114521337906, 0.0009886775667473091 ],
		[ 0.0017122797392622423, 0.037704275460029996, 0.3552101469896509, 0.09158212641062649, 0.3604677000551255, 0.10570107164976426, 0.04762239969554062 ],
		[ 0.006118962906642426, 0.024684985836906197, 0.018373116572296067, 0.006822073841705427, 0.2182183726931863, 0.5013256148842626, 0.22445687326500108 ],
		[ 0.023703643162621756, -0.012956733549645445, 0.01541413067455305, -0.045505524239765435, 0.04292382171467249, 0.30783287327001196, 0.6685877889675518 ]
	]
}