{
"user": "user_4",
"user_info": {
	"json_timestamp":"2019-09-26 12:01:16.733965",
	"json_timestamp_epoch":"1569492076733.9893",
	"json_timestamp_epoch_info":"json_timestamp_epoch is the time in milliseconds since the epoch as a floating point number. Epoch is designed to be January 1, 1970, 00:00:00 (UTC)"
},
"modelUserData_0": [
		[ 0.24150504259494288, 0.17770341889706004, 0.41212610502230224, 0.04838018606560994, 0.12028524742008496 ],
		[ 0.47923547356685725, 0.30719737526745805, 0.028209076404036405, 0.0036322514761412206, 0.18172582328550707 ],
		[ 0.10124979146340664, 0.3822750651364692, 0.19736238921561855, 0.09335837720486811, 0.22575437697963757 ],
		[ 0.10111657978751647, 0.06132947943399587, 0.352320564042075, 0.3129634312786302, 0.17226994545778246 ],
		[ 0.07689311258727678, 0.07149466126501679, 0.009981865315967897, 0.5416657539747505, 0.2999646068569879 ]
	],
"modelUserData_1": [
		[ 0.8433853597959182, 0.010595714238822895, 0.010234860694492637, 0.06616048849607802, 0.06343676646588829, 0.002989883057900629, 0.0016459799249328947, 0.001121020265474927, 0.00042992706049149406 ],
		[ 0.0829491597673093, 0.4966388938178163, 0.3697419325080331, 0.01056528578177623, 0.011384796143309232, 0.011750176010535652, 0.013127800790295836, 0.0004960271792522912, 0.0033459280016720425 ],
		[ 0.04927752588160728, 0.2379432466629312, 0.4278229319775324, 0.16884886245314085, 0.009957006882520488, 0.07467795103423241, 0.022635158290217186, 0.0067911011334859306, 0.0020462156843322416 ],
		[ 0.024049732579959755, 0.22577633114539616, 0.1030769196688375, 0.5455653142317226, 0.01535168460965008, 0.017429232057617684, 0.01095191186172294, 0.006438175114625157, 0.05136069873046807 ],
		[ 0.00033096186405243545, 0.020813905294931344, 0.06346633713087953, 0.00423969367830987, 0.45534771491303133, 0.45089724021573013, 0.0010352061301300845, 0.001566103770338663, 0.0023028370025965396 ],
		[ 7.0010906901769304e-06, 0.005162900135500419, 0.001487400474534064, 0.0591239203642816, 0.3680349025813183, 0.13557776235062155, 0.41869944550628585, 0.0034410707930759336, 0.008465596703691953 ],
		[ 6.848489720053546e-08, 0.00016486366912573714, 0.018183340461147127, 0.11229697400480498, 0.006656492816735594, 0.13873670816675612, 0.08074448428918776, 0.5739901250198675, 0.06922694308747801 ],
		[ 3.3531935134175175e-08, 0.000437385264011512, 0.002552263098180454, 0.015569256227611896, 0.002825712443435606, 0.1349253385601432, 0.027543770700611713, 0.3610277193719019, 0.4551185208021685 ],
		[ 1.570036305002109e-07, 0.002466759771464448, 0.003434013986363166, 0.01763020476227404, 0.06700492314411115, 0.03301570854646263, 0.4236162425066156, 0.045128657351977686, 0.40770333292710104 ]
	],
"modelUserData_2": [
		[ 0.5873636529056177, 0.1781742521168545, 0.19072065077508435, 0.004041103010037063, 0.03617587083990429, 0.0021048334157924907, 0.0006228364647044621, 0.0007968004720051876 ],
		[ 0.29009036380269243, 0.0023909756091876054, 0.10612888679547082, 0.1983956551090359, 0.3208705281475802, 0.019524148125328333, 0.04908517804153286, 0.013514264369171934 ],
		[ 0.07426474919349532, 0.8078381300829598, 0.02629976761997406, 3.132281810765772e-05, 0.0030627054466009778, 0.02009905508042476, 0.0032737302956052116, 0.0651305394628322 ],
		[ 0.0035404636614414, 0.0020987125914052824, 0.2592200531254355, 0.012673008193812637, 0.2997382102679625, 0.26722563653557585, 0.14428589381732004, 0.01121802180704673 ],
		[ 0.018815340937495578, 0.002863878979700354, 0.263207430778558, 0.35945007230266474, 0.2709881285821532, 0.07795408509092495, 0.0020444465329359065, 0.004676616795567276 ],
		[ 0.009746645238426953, 0.0003889263700920469, 0.06793479629966338, 0.24033679339030775, 0.048385172999228794, 0.22589865567342, 0.3048184678649295, 0.10249054216393155 ],
		[ 0.010193377566233551, 0.00016621868259986185, 0.08490198277757546, 0.025005331784800574, 0.015761396356331604, 0.02646610456192635, 0.3319236513753066, 0.5055819368952261 ],
		[ 0.005985406694597113, 0.006078905567200552, 0.0015864318282383244, 0.16006671339123366, 0.0050179873602384, 0.36072748151660733, 0.16394579560766537, 0.29659127803421903 ]
	],
"activityUserData_0": [
		[ 0.22268694428298952, 0.18637351971528784, 0.42231928569610244, 0.035677970859677784, 0.13294227944594245 ],
		[ 0.49888751849162566, 0.31709363142245506, 0.025659888062186227, 0.027267528437338154, 0.13109143358639486 ],
		[ 0.09603388591519615, 0.3859931098583076, 0.19591176162997104, 0.08734806135695665, 0.23471318123956858 ],
		[ 0.10389406923316369, 0.08635950750377161, 0.3487760109812325, 0.3138571511987419, 0.14711326108309025 ],
		[ 0.07849758207702498, 0.024180231500177923, 0.007333053630507791, 0.5358492881472855, 0.35413984464500375 ]
	],
"activityUserData_1": [
		[ 0.8534468296214682, 0.020677404160789465, 0.012235592491729149, 0.07135611246825711, 0.058835858485367605, 0.015932188945278793, 0.0065968894653151925, 0.02297334030624095, -0.0620542159444465 ],
		[ 0.08828776055962972, 0.47965208469228127, 0.3677223378673995, 0.016567845090451755, 0.027822043707523152, 0.003515440154851753, 0.0037360368579564297, 0.006461222673598545, 0.006235228396307877 ],
		[ 0.051068227554207195, 0.23518372116535555, 0.4225575574512461, 0.16683227895200808, 0.004997840739735555, 0.07322338243333196, 0.028721039915547347, 0.012221891662262178, 0.005194060126306035 ],
		[ 0.016402752935818242, 0.2130300374904697, 0.08475393760956582, 0.553995122677997, 0.017216292863383095, 0.027942304547236337, 0.0030359608246598307, 0.004300317162944331, 0.07932327388792561 ],
		[ 0.0005974616750031667, 0.006953210931868249, 0.058695221648983796, 0.006719082404120449, 0.4484486587525317, 0.4594602599709664, 0.005596179232508578, 0.0010570185659218637, 0.012472906818095755 ],
		[ 0.001473724018739662, 0.0031363132931930236, 0.002793910728904778, 0.045560202964123886, 0.36021788661933885, 0.1378033171122073, 0.4100931982841381, 0.0011053221689046413, 0.03781612481044982 ],
		[ 0.015944246531719428, 0.003411823087516015, 0.014736354605636475, 0.111959675477194, 0.0019732742749324506, 0.14367809410540083, 0.06717982050466181, 0.5752979012432167, 0.06581881016972235 ],
		[ 0.011637589049373563, 0.0061397086538786776, 0.00562850821881446, 0.01775288799264688, 0.003562696322504208, 0.1362717080206232, 0.026614771687462766, 0.3506782127073962, 0.44171391734730026 ],
		[ -0.03885859194595921, 0.03181569652464804, 0.030876579377719936, 0.009256791973200795, 0.07692544823468334, 0.002173304710103491, 0.4484261032277499, 0.02590477350951459, 0.4134798943883389 ]
	],
"activityUserData_2": [
		[ 0.578011670959325, 0.18354590689893738, 0.19120406809133786, 0.008223717538058527, 0.034652080552850566, 0.008442769435170628, 0.010483121322338066, -0.014563334798018064 ],
		[ 0.28119656206696053, 0.007237051538011633, 0.10872646713289447, 0.2082401445151856, 0.33778092851251545, 0.028622736952447776, 0.06369182638096116, -0.03549571709897665 ],
		[ 0.07407332725021569, 0.7941589561373477, 0.03462360064336703, 0.01666007374718119, 0.0012046868438910703, 0.022487030779277873, 0.002689968336952461, 0.05410235626176708 ],
		[ 0.002715297842767754, 0.009598483175582127, 0.261212604942494, 0.01178457814881123, 0.29506599942504486, 0.2621053983831755, 0.13704608679053157, 0.020471551291593032 ],
		[ 0.00820600041013627, 0.007808843658942816, 0.2742126556652706, 0.3588295118718079, 0.2629764127428166, 0.09040018542143001, 0.011503272695375103, -0.013936882465779277 ],
		[ 0.006178393351503369, 0.0092623281231898, 0.06801456984816925, 0.23163287582296171, 0.06259868208070939, 0.23307248556631652, 0.2958841402356775, 0.09335652497147245 ],
		[ 0.014542257836573773, 0.016970752675841822, 0.08652028229518507, 0.04276558006669026, 0.00890550421718141, 0.022660751659577344, 0.35297197368004724, 0.45466289756890305 ],
		[ 0.03507649028251758, -0.028582322207853263, -0.024514248618718204, 0.12186351828930372, -0.003184294375009337, 0.33220864180260434, 0.12572961055811693, 0.4414026042690385 ]
	]
}