{
"user": "user_4",
"user_info": {
	"active":true,
	"json_timestamp":"2020-01-23 12:05:08.508019",
	"json_timestamp_epoch":"1579777508508.0496",
	"json_timestamp_epoch_info":"json_timestamp_epoch is the time in milliseconds since the epoch as a floating point number. Epoch is designed to be January 1, 1970, 00:00:00 (UTC)"
},
"modelUserData_0": [
		[ 0.3786564727102907, 0.21636862046881608, 0.0935146153103418, 0.279417258856148, 0.027496509472006256, 0.0003590167988099371, 0.0041875063835872545 ],
		[ 0.01978236096172825, 0.10520663223205379, 0.5001369843120826, 0.07580073608959514, 0.23935024540563854, 0.05326520477568512, 0.006457836223216572 ],
		[ 0.08503925051832284, 0.47637231277725195, 0.0373867505682508, 0.302350119289217, 0.048609733499174454, 0.045833924351844156, 0.004407908995938785 ],
		[ 0.39150611135616964, 0.4779829679844473, 0.016892835675143273, 0.001900045691862208, 0.09780133324272518, 0.0008403666413575757, 0.013076339408294847 ],
		[ 0.31741116069842334, 0.48725392968553316, 0.058100779026132116, 0.018862166383723296, 0.11474805548513384, 0.002368894843820796, 0.001255013877233457 ],
		[ 0.5213728603208271, 0.16636312096016814, 0.20914074913894015, 0.04622022467440395, 0.02209288350114169, 0.012119948127813472, 0.022690213276705513 ],
		[ 0.8428614494908635, 0.10124677165155335, 0.0132723119174927, 0.0030991416301240993, 0.005026866090418403, 0.0013424350987672952, 0.033151024120780644 ]
	],
"modelUserData_1": [
		[ 0.12517366203412827, 0.5280280066423169, 0.09490983391933352, 0.06457333965933018, 0.1873151577448912 ],
		[ 0.4293497390826051, 0.4117785516177833, 0.12240541902482188, 0.0034455265762406307, 0.033020763698549074 ],
		[ 0.12041269331758786, 0.019562573073861105, 0.8365480541561221, 0.013342626189592081, 0.010134053262836847 ],
		[ 0.2867290803575271, 0.5169525865534284, 0.13002093902171108, 0.022823564501741552, 0.043473829565591926 ],
		[ 0.5116768397616988, 0.23636263443283548, 0.12293662912066536, 0.12353823886493973, 0.005485657819860712 ]
	],
"modelUserData_2": [
		[ 0.631021149211544, 0.12260478135918187, 0.19901887861447015, 0.03781888386104421, 0.009536306953759809 ],
		[ 0.31767885587102185, 0.16223547501970045, 0.3407601328371233, 0.026731044544422284, 0.15259449172773207 ],
		[ 0.9229333539555689, 0.06701870562063439, 0.0047937032182805185, 0.00133633794788558, 0.0039178992576306545 ],
		[ 0.8979824109234019, 0.03513321421932841, 0.04778510744452561, 0.009709095330587232, 0.009390172082156825 ],
		[ 0.6341364182216009, 0.3296143165824967, 0.009780350890936792, 0.012198514165366879, 0.014270400139598712 ]
	],
"activityUserData_0": [
		[ 0.38516777896470494, 0.19764440300060035, 0.08559656492291115, 0.2787381101089163, 0.04017217481304008, 0.012680968189827141, 0.0 ],
		[ 0.034554451189272195, 0.1136886582842313, 0.4913421507302158, 0.082464933207574, 0.2233278633319666, 0.054621943256740094, 0.0 ],
		[ 0.10239345220763148, 0.47406528054016983, 0.049529844806138965, 0.2940301659329551, 0.025786806756945585, 0.054194449756159016, 0.0 ],
		[ 0.3857503974139878, 0.47997834301525366, 0.024471282838049845, 0.008238351358602989, 0.09262663368930808, 0.008934991684797621, 0.0 ],
		[ 0.31277183133328745, 0.48411355587298305, 0.06051375678362803, 0.007061585188972659, 0.10755189220115421, 0.009327285957133571, 0.018660092662841035 ],
		[ 0.5157967484147394, 0.17175513447449742, 0.21014055816844465, 0.04322684913359565, 0.02667627088933805, 0.01999192965681218, 0.012412509262572612 ],
		[ 0.8455626827544444, 0.10136447663083453, 0.01795062322259207, 0.006620069992850881, 0.0023599692961268903, 0.009766006032729669, 0.016376172070421607 ]
	],
"activityUserData_1": [
		[ 0.1309018966957466, 0.5211912061996125, 0.11052629776825892, 0.0710557159684929, 0.16632488336788914 ],
		[ 0.4398606168594447, 0.41914468729932935, 0.13307989954187777, 0.007914796299348109, 0.0 ],
		[ 0.11524137762626399, 0.017094911733576613, 0.8470988440281245, 0.008622933008206553, 0.011941933603828385 ],
		[ 0.2806864051391875, 0.5098143818195926, 0.13123844568015164, 0.02138081512218611, 0.056879952238882134 ],
		[ 0.5032326508268188, 0.23680534142606735, 0.1293214054151485, 0.1306406023319653, 0.0 ]
	],
"activityUserData_2": [
		[ 0.6168281257220629, 0.12665162589446433, 0.21127554592270148, 0.04343202973107834, 0.0018126727296929393 ],
		[ 0.31341230608202525, 0.1539307598253405, 0.34825519459809257, 0.02153070469976554, 0.16287103479477605 ],
		[ 0.9201427018578091, 0.05697747210918185, 0.0063548775018087466, 0.005148728803251427, 0.011376219727948866 ],
		[ 0.9001767923441234, 0.03616164259275603, 0.04749360022542188, 0.016167964837698667, 0.0 ],
		[ 0.6408062781727962, 0.3373365842219694, 0.010228141066615985, 0.0031774939796185495, 0.008451502558999855 ]
	]
}