{
"user": "user_1",
"user_info": {
	"active":true,
	"json_timestamp":"2020-01-23 12:05:08.461330",
	"json_timestamp_epoch":"1579777508461.3506",
	"json_timestamp_epoch_info":"json_timestamp_epoch is the time in milliseconds since the epoch as a floating point number. Epoch is designed to be January 1, 1970, 00:00:00 (UTC)"
},
"modelUserData_0": [
		[ 0.7563185899470114, 0.03126540267171619, 0.09536833781534099, 0.04935178917547161, 0.00815997313697358, 0.05953590725348624 ],
		[ 0.43167528011244627, 0.15929060026241032, 0.27059835004940813, 0.12978597830835742, 0.006825507441612258, 0.001824283825765602 ],
		[ 0.9952598522868997, 0.003630523374018712, 2.3830925711753153e-05, 0.0008589066725261158, 0.0001537248936425021, 7.316184720119033e-05 ],
		[ 0.4797671787647293, 0.40658214798316544, 0.04017725777403329, 0.01977536012434666, 0.034963634393159665, 0.018734420960565643 ],
		[ 0.4557330203872768, 0.10240547726286073, 0.33334463982221246, 0.010205507800520406, 0.007632466226139567, 0.09067888850099 ],
		[ 0.0016772223121572782, 0.0977556120890235, 0.2883189775387903, 0.2958963831542144, 0.019524237181103674, 0.2968275677247108 ]
	],
"modelUserData_1": [
		[ 0.7808398141707557, 0.06248028755045273, 0.11087449117630668, 4.1403285231248556e-05, 0.0032682121947657083, 0.0035879104343872967, 0.00491433027604202, 0.033993550912058655 ],
		[ 0.03796739832838958, 0.6570198142793554, 0.26308021778306023, 0.020859587263800886, 0.009578405652911005, 0.01031849426387191, 0.000930200611994726, 0.0002458818166162542 ],
		[ 0.3902659862940061, 0.36769091535133375, 0.1401811886734288, 0.013487397551549644, 0.03486825423763854, 0.010072323751637888, 0.038132601761322965, 0.005301332379082299 ],
		[ 0.5174027063581013, 0.29085673625843883, 0.03814125777676766, 0.059662391969923706, 0.04679641706875211, 0.04155501479600846, 0.0029284483197204413, 0.0026570274522875297 ],
		[ 0.9024082723285622, 0.06130403042448162, 0.007453734545055064, 0.0017603463701132398, 0.01654052249831129, 0.00333654529680347, 0.005061850960263238, 0.002134697576409836 ],
		[ 0.4419130850378895, 0.15944082201974202, 0.03583030658067847, 0.33616801559006393, 0.023472491134752686, 0.0027311674971829446, 0.0002520707435543179, 0.0001920413961361071 ],
		[ 0.8076296546280178, 0.05717489469370714, 0.10176270810770872, 0.002842740774333256, 0.006684452952096264, 0.01239398281533775, 0.008166026932473855, 0.0033455390963251924 ],
		[ 0.9755686052890482, 0.01126933844661826, 0.0092036496265432, 0.0005213721865385111, 0.003002195107204579, 0.0003848661630510793, 1.0364595015045841e-05, 3.960858598111674e-05 ]
	],
"modelUserData_2": [
		[ 0.13223696078300118, 0.2868229865868626, 0.1536320061201061, 0.4273080465100302 ],
		[ 0.8936656068531738, 0.030721513225995267, 0.06757683566646146, 0.008036044254369518 ],
		[ 0.2421331414039387, 0.5323485996996856, 0.16834435089089084, 0.05717390800548483 ],
		[ 0.7828741507242192, 0.04858956049014766, 0.11935413935604233, 0.049182149429590816 ]
	],
"activityUserData_0": [
		[ 0.7550506962148161, 0.04149735823424715, 0.08696502150661431, 0.03875763666702995, 0.020626450982409488, 0.057102836394882964 ],
		[ 0.42782848631591097, 0.16226736978707493, 0.27086195632092397, 0.12530385130837535, 0.01373833626771471, 0.0 ],
		[ 0.984886595921776, 0.005144319446506651, 0.006185262921262641, 0.0021584469893958474, 0.0016253747210588513, 0.0 ],
		[ 0.4721037322077284, 0.39334854181343604, 0.028006215836379043, 0.007166304787412604, 0.04619993125439502, 0.0531752741006489 ],
		[ 0.46586192902470863, 0.11200115841556263, 0.3460749566843243, 0.016225364413883597, 0.011410621089213674, 0.04842597037230721 ],
		[ 0.0054020631462259145, 0.08712400621691538, 0.29207589926971433, 0.29330737797885237, 0.03611436550890747, 0.2859762878793845 ]
	],
"activityUserData_1": [
		[ 0.7684515077900642, 0.057650324461216644, 0.10697317814532988, 0.002261422582310742, 0.017136391821942855, 0.01978838927430672, 0.01266382844814323, 0.015074957476685715 ],
		[ 0.04128155326388588, 0.6478510741250153, 0.26616798891143056, 0.004200201107769536, 0.019900861386948025, 0.015487438544801578, 0.005110882660149133, 0.0 ],
		[ 0.3722119942117335, 0.3698881909806476, 0.1338508719267048, 0.016843017237068974, 0.03810218562591528, 0.003396242484800369, 0.03752437588163701, 0.028183121651492463 ],
		[ 0.5069549253133462, 0.29145390698505136, 0.05077095400634294, 0.0731702453520935, 0.042608237744780675, 0.03131642927194089, 0.003725301326444461, 0.0 ],
		[ 0.8983717900342587, 0.04884183143932608, 0.007238356985022764, 0.016498684530031595, 0.009448897975294236, 0.0033189215553014162, 0.0028340019347508306, 0.01344751554601437 ],
		[ 0.42338299308678956, 0.16007814527359568, 0.03382512981711754, 0.3329184083319703, 0.022973422264408648, 0.004402451344143814, 0.02241944988197458, 0.0 ],
		[ 0.8187506685601565, 0.056097453703769284, 0.0992477509135324, 0.0024769023861966008, 0.0015016609093320326, 0.002196986291659186, 0.019728577235353997, 0.0 ],
		[ 0.9639076166356333, 0.010497052010788929, 0.0005801292039355316, 0.0003229623011612393, 0.0025714338215853754, 0.023119569846872058, 0.00195488289930367, 0.0 ]
	],
"activityUserData_2": [
		[ 0.12886435751364902, 0.2724620753712522, 0.14149079320917066, 0.4571827739059281 ],
		[ 0.8877208283459037, 0.040334156207603965, 0.07194501544649236, 0.0 ],
		[ 0.2607666530299646, 0.5438400640191157, 0.17383553561720316, 0.02155774733371657 ],
		[ 0.7921395907095794, 0.0441269698275403, 0.12615665222463007, 0.037576787238250225 ]
	]
}