{
"user": "user_3",
"user_info": {
	"active":true,
	"json_timestamp":"2019-09-26 14:14:50.023366",
	"json_timestamp_epoch":"1569500090023.3828",
	"json_timestamp_epoch_info":"json_timestamp_epoch is the time in milliseconds since the epoch as a floating point number. Epoch is designed to be January 1, 1970, 00:00:00 (UTC)"
},
"modelUserData_0": [
		[ 0.8936310822960203, 0.07503225470764618, 0.011795493859583079, 0.019541169136750452 ],
		[ 0.06507652293540152, 0.8960138497310001, 0.02149805195978653, 0.017411575373811845 ],
		[ 0.01885578973366924, 0.01711548112536828, 0.17463815945256597, 0.7893905696883965 ],
		[ 0.022436605034908956, 0.011838414435985468, 0.7920682947280644, 0.1736566858010412 ]
	],
"modelUserData_1": [
		[ 0.4299759495686327, 0.3839721698179675, 0.062242801420001014, 0.12380907919339876 ],
		[ 0.07742880241407925, 0.08559352852396196, 0.06212369869984946, 0.7748539703621093 ],
		[ 0.4638681969454593, 0.4580062108168643, 0.0435232266028835, 0.03460236563479296 ],
		[ 0.02872705107182877, 0.07242809084120627, 0.8321102732772659, 0.0667345848096989 ]
	],
"modelUserData_2": [
		[ 0.30784868674698873, 0.44544156999892826, 0.18477495687058504, 0.061934786383497975 ],
		[ 0.3760873314065498, 0.3755275636029005, 0.22879383569522724, 0.019591269295322428 ],
		[ 0.13010181771667886, 0.0002785278439514049, 0.5229859080879488, 0.34663374635142097 ],
		[ 0.1859621641297826, 0.17875233855421982, 0.06344529934623899, 0.5718401979697586 ]
	],
"activityUserData_0": [
		[ 0.296366749594044, 0.4616390635192778, 0.16510657192622577, 0.07688761496045235 ],
		[ 0.3729708768881938, 0.3615532492121009, 0.2345662665684737, 0.03090960733123152 ],
		[ 0.14115598033510127, 0.007889462950429072, 0.5210966380395229, 0.32985791867494685 ],
		[ 0.18950639318266085, 0.16891822431819226, 0.07923052346577764, 0.5623448590333693 ]
	],
"activityUserData_1": [
		[ 0.301714657853578, 0.4428818320271503, 0.15561815475302646, 0.09978535536624525 ],
		[ 0.36551814702346835, 0.3770457957207808, 0.22282839731189938, 0.03460765994385154 ],
		[ 0.12801069837851894, 0.008076293583997009, 0.5267706685197403, 0.33714233951774375 ],
		[ 0.20475649674443472, 0.17199607866807184, 0.09478277941533386, 0.5284646451721595 ]
	],
"activityUserData_2": [
		[ 0.3122491332016989, 0.45237384831413047, 0.18166739373701377, 0.053709624747156876 ],
		[ 0.3746615805054604, 0.37251932773864915, 0.2374139780121432, 0.015405113743747256 ],
		[ 0.12749692915290312, 0.008179595850487217, 0.517328222093332, 0.3469952529032777 ],
		[ 0.1855923571399376, 0.16692722809673322, 0.06359040615751099, 0.5838900086058182 ]
	]
}