{
"user": "user_3",
"user_info": {
	"json_timestamp":"2019-09-26 12:01:16.726928",
	"json_timestamp_epoch":"1569492076726.9514",
	"json_timestamp_epoch_info":"json_timestamp_epoch is the time in milliseconds since the epoch as a floating point number. Epoch is designed to be January 1, 1970, 00:00:00 (UTC)"
},
"modelUserData_0": [
		[ 0.4702535511662723, 0.04571070105191618, 0.023676236195190086, 0.3223974189378251, 0.012163551678181858, 0.12292246343274259, 0.0005488764584941195, 0.002327201079377757 ],
		[ 0.41760928944596887, 0.2806415452601195, 0.11614605584574118, 0.03960890757862123, 0.12784358837495652, 0.0015133134270543611, 0.014599304087905452, 0.002037995979632926 ],
		[ 0.10289167341558181, 0.3468343980790262, 0.40769504928390027, 0.040877772178218065, 0.08839377194236231, 0.0051015981017734436, 0.0060618346016558045, 0.0021439023974820356 ],
		[ 0.004806587534576055, 0.07157273021820106, 0.3183349866623593, 0.5723667917709856, 0.00783996419009335, 0.024407108372974568, 0.00021766249373290794, 0.0004541687570771396 ],
		[ 0.0043580059648058965, 0.024239045591952734, 0.06305351889027767, 0.021226553555441223, 0.07217983632052208, 0.5217997861851936, 0.13863293498532636, 0.15451031850648045 ],
		[ 5.146511271698616e-05, 0.16148859477990105, 0.047964817298011164, 0.0016293880093650388, 0.054075584846829235, 0.09425819920960014, 0.246636812353524, 0.3938951383900523 ],
		[ 2.8912795919189773e-06, 0.011690008210744951, 0.008465169645847002, 0.00040523800987560184, 0.6209040160632661, 0.2266054629397594, 0.022329483952654793, 0.10959772989826028 ],
		[ 2.653608048614705e-05, 0.05782297680813839, 0.014664166178673242, 0.001487929959668081, 0.01659968658378852, 0.003392068330901804, 0.5709730910667067, 0.335033544991637 ]
	],
"modelUserData_1": [
		[ 0.139894651859225, 0.7428806015127163, 0.10008103968275131, 0.009143155619377532, 0.0003312200305703929, 0.007669331295359472 ],
		[ 0.1189561631232589, 0.20147064106951015, 0.040064602881118704, 0.1345632405303027, 0.015209156832853305, 0.4897361955629562 ],
		[ 0.43016940673406795, 0.014730456470524464, 0.34094545561130507, 0.13106978978325237, 0.06422980597256157, 0.018855085428288468 ],
		[ 0.0721042587900179, 0.010555369373917396, 0.30047811126222296, 0.33307160984374257, 0.01703032576274527, 0.2667603249673538 ],
		[ 0.00946555034999849, 0.0015353641872480899, 0.02464498802943225, 0.3211896604130725, 0.47833542878723967, 0.16482900823300894 ],
		[ 0.22940996914343167, 0.02882756738608361, 0.19378580253316977, 0.07096254381025241, 0.42486406261402987, 0.05215005451303306 ]
	],
"modelUserData_2": [
		[ 0.9594746760059919, 0.035783856408234435, 0.002122290544749511, 0.002619177041024154 ],
		[ 0.02935045862289172, 0.2232429258559265, 0.12493827045316847, 0.6224683450680133 ],
		[ 0.01056134305974974, 0.5913653100369751, 0.17618937489829734, 0.22188397200497778 ],
		[ 0.0006135223113666391, 0.1496079076988639, 0.6967500641037846, 0.15302850588598482 ]
	],
"activityUserData_0": [
		[ 0.48423619675163754, 0.0422614684312206, 0.030697770609759735, 0.33182012574159686, 0.02596714643248311, 0.11081633630218081, 0.0009989967794175039, -0.026798041048296153 ],
		[ 0.4205325366197831, 0.283640434928129, 0.12271624530108585, 0.018184474873154416, 0.12380202379599176, 0.0026906619764167352, 0.013862785497943684, 0.01457083700749536 ],
		[ 0.11922725178818501, 0.34275829016053955, 0.4215408851653518, 0.033725566675356485, 0.08959565730673921, 0.008466852403762989, 0.003576477530485786, -0.018890981030420938 ],
		[ 0.004656333696651731, 0.07425274810376406, 0.3177805756081867, 0.5663186961742334, 0.0004547394408276114, 0.02722617491974688, 0.00081516832344321, 0.008495563733146421 ],
		[ 0.009776529130459321, 0.028063285446135205, 0.07212493946269798, 0.024841399561861006, 0.07371302742318057, 0.5309389980598667, 0.13302241845867716, 0.1275194024571221 ],
		[ 0.0009494699367369035, 0.16803945813586207, 0.03206082477007205, 0.007267705311595619, 0.06718187327756112, 0.10152530806804579, 0.23276097906095522, 0.39021438143917114 ],
		[ 0.0035339051918022333, 0.0026149297780496267, 0.011400695490310274, 0.0028395229254504404, 0.6232897442065717, 0.23625290286380518, 0.017384363998362844, 0.1026839355456477 ],
		[ -0.04291222311525586, 0.058369385016299916, -0.008321936407464377, 0.01500250873675168, -0.004004211883355091, -0.01791723459382505, 0.5975788103507147, 0.40220490189613445 ]
	],
"activityUserData_1": [
		[ 0.12373071686953256, 0.7442880916701669, 0.0899574330977854, 0.002331292009596265, 0.018705509559044004, 0.020986956793874963 ],
		[ 0.10417486173544592, 0.18472172552790583, 0.03787192718479232, 0.1373396839394587, 0.017106010219066024, 0.5187857913933313 ],
		[ 0.4282752011258822, 0.021253322189906353, 0.34291133517051636, 0.12243307295401357, 0.047642487136797695, 0.037484581422883856 ],
		[ 0.08199799468462497, 0.002776095853176029, 0.29208927077476143, 0.3216176480813977, 0.016063292618503484, 0.28545569798753634 ],
		[ 0.0051387983266165255, 0.0019894763398986917, 0.0369483350522821, 0.3345844234726153, 0.4749438202062675, 0.14639514660231984 ],
		[ 0.2566824272578979, 0.044971288418946244, 0.2002216987198623, 0.0816938795429184, 0.42553888026032133, -0.00910817419994625 ]
	],
"activityUserData_2": [
		[ 0.9516867973622375, 0.03155896979888936, 0.008333480133236155, 0.008420752705636997 ],
		[ 0.01975792827592145, 0.2033906003203145, 0.11089859137267614, 0.6659528800310879 ],
		[ 0.015549092616799574, 0.5858570048302807, 0.17729649232989828, 0.22129741022302143 ],
		[ 0.013006181745041485, 0.1791934250505154, 0.7034714361641894, 0.10432895704025366 ]
	]
}