{
"user": "user_1",
"user_info": {
	"json_timestamp":"2019-09-26 12:01:16.713535",
	"json_timestamp_epoch":"1569492076713.5613",
	"json_timestamp_epoch_info":"json_timestamp_epoch is the time in milliseconds since the epoch as a floating point number. Epoch is designed to be January 1, 1970, 00:00:00 (UTC)"
},
"modelUserData_0": [
		[ 0.1989090499026911, 0.20837037787908244, 0.44157452354606236, 0.029026254801511355, 0.0660678752390211, 0.05605191863163167 ],
		[ 0.39632121165870837, 0.12815274388670167, 0.21342235366059553, 0.19083007174907984, 0.02542335621671816, 0.045850262828196424 ],
		[ 0.06657186609901898, 0.4544107732129181, 0.19839166882560494, 0.25763229335761495, 0.014814045265976291, 0.008179353238866708 ],
		[ 0.2775058825885994, 0.2069599694732212, 0.05820078532269825, 0.39964990014070384, 0.004709031978905047, 0.0529744304958723 ],
		[ 0.04787622939111656, 0.0013253568093811638, 0.06496994713764674, 0.09072735630902008, 0.35840740780739866, 0.4366937025454368 ],
		[ 0.012815760359865605, 0.0007807787386954848, 0.023440721507392126, 0.03213412364206995, 0.5305782834919807, 0.40025033225999607 ]
	],
"modelUserData_1": [
		[ 0.46823262799094734, 0.04778294051701972, 0.25294154093445415, 0.23104289055757882 ],
		[ 0.5193137872330255, 0.3204598636363586, 0.022288446126266778, 0.13793790300434916 ],
		[ 0.009145524700036444, 0.10815662105861794, 0.21825550612784314, 0.6644423481135024 ],
		[ 0.0033080600759907604, 0.5236005747880038, 0.5065145068114358, -0.03342314167543037 ]
	],
"modelUserData_2": [
		[ 0.8945908593957869, 0.02407418942712966, 0.07359434695961567, 0.00604183303723968, 0.0014979384602315784, 0.0001356125122733848, 2.0583198716472604e-05, 4.4637009006689965e-05 ],
		[ 0.057718037169345225, 0.9140778567088232, 0.018590515923683944, 0.005622352510403678, 1.2427506517028856e-05, 0.003785223825369001, 0.00018717767449274748, 6.408681365152461e-06 ],
		[ 0.0009745669806550868, 0.009465744324433523, 0.7259446734858835, 0.16259559620983788, 0.01646968370791907, 0.04272766418738196, 0.03663806903144431, 0.005184002072444641 ],
		[ 0.02656724567219649, 0.04147981635371648, 0.16830290397846925, 0.26520821177021103, 0.17470119384563057, 0.07166917239205128, 0.2013442952262538, 0.05072716076147116 ],
		[ 0.008785627257274681, 0.0022470864853076865, 0.011760020733581048, 0.5399754028887459, 0.20235698196008875, 0.08925816502954004, 0.12514735181491096, 0.02046936383055087 ],
		[ 0.006886045462309958, 0.0021064199915565066, 0.0017172739947104523, 0.01807565150754824, 0.42984439677504577, 0.09007401092184396, 0.0941062930203444, 0.3571899083266407 ],
		[ 0.00011361589923486791, 6.158229861845492e-05, 7.80236720635171e-05, 0.002416813342956904, 0.1711770686368322, 0.24413056994136847, 0.11993132910360108, 0.4620909971053244 ],
		[ 0.004364002163196826, 0.006487304410414416, 1.224125199255442e-05, 6.41387330566714e-05, 0.003940309107735102, 0.4582195811901718, 0.4226249009302363, 0.10428752221319626 ]
	],
"activityUserData_0": [
		[ 0.20085978524000453, 0.20918106950591608, 0.4269877130468157, 0.029776027653523142, 0.05955201720029129, 0.0736433873534493 ],
		[ 0.39996618834155095, 0.12357100876894461, 0.21829012855190286, 0.20331414543952858, 0.0032338360282646306, 0.05162469286980839 ],
		[ 0.07522934743379465, 0.46339718680456116, 0.21075820788307867, 0.2648967452990732, 0.027305784537665287, -0.04158727195817295 ],
		[ 0.2795794098810527, 0.20450781818244598, 0.06316570067375135, 0.4068861464983718, 0.017938608710158427, 0.027922316054219715 ],
		[ 0.053470515405955196, 0.019333740478694603, 0.07232742112814133, 0.09168961306584449, 0.3670942335639556, 0.3960844763574089 ],
		[ -0.00910524630235797, -0.019990823740562495, 0.008470828716310053, 0.0034373220436588886, 0.5248755199596649, 0.4923123993232866 ]
	],
"activityUserData_1": [
		[ 0.48038630424265766, 0.019734338739390126, 0.23949105441891372, 0.26038830259903845 ],
		[ 0.5033711899975051, 0.33005810947200603, 0.031255273057701954, 0.13531542747278694 ],
		[ 0.010331045624365886, 0.09601796037497876, 0.22133142411351106, 0.6723195698871443 ],
		[ 0.0059114601354713255, 0.5541895914136251, 0.5079222484098733, -0.06802329995896961 ]
	],
"activityUserData_2": [
		[ 0.9046551539111544, 0.032733879427635934, 0.09053847182789485, 0.006890280873270401, 0.008608991489736907, 0.011398557633191834, 0.0012109412937996128, -0.056036276456683895 ],
		[ 0.06523605754292733, 0.9132833430693392, 0.009945695682970416, 0.009592236117234169, 0.012274626009284435, 0.007437159038262005, 0.009730944886926917, -0.027500062346944555 ],
		[ 0.0018487645567183773, 0.011727860637386832, 0.7149836696597714, 0.15028149576841743, 0.022769028989184058, 0.027144381789847596, 0.021022838755396848, 0.05022195984327743 ],
		[ 0.02649668736233401, 0.04719319079959986, 0.1800632541111869, 0.2630460531900631, 0.19044214716215394, 0.07024495675445663, 0.2023166975207444, 0.02019701309946112 ],
		[ 0.0017174864114565883, 0.015002018091137938, 0.016324601100805438, 0.5407424143500292, 0.21826207654128946, 0.09090068429323814, 0.12843306720354492, -0.01138234799150184 ],
		[ 0.0012285705278322302, 0.020612088347353334, 0.020341410604072227, 0.0043596311958417, 0.44532065056040154, 0.08667964772119265, 0.09282512252258218, 0.32863287852072426 ],
		[ 0.014094128291491414, 0.0028855967704126927, 0.015120024403185982, 0.008772049829243985, 0.16835743747301776, 0.24134821958418728, 0.11818012744751061, 0.4312424162009504 ],
		[ -0.01527684860391431, -0.04343797714286583, -0.047317127389887303, 0.01631583867590012, -0.06603495822506814, 0.4648463931856238, 0.4262802603694943, 0.2646244191307173 ]
	]
}