{
"user": "user_0",
"user_info": {
	"active":false,
	"json_timestamp":"2019-10-23 21:28:41.321268",
	"json_timestamp_epoch":"1571858921321.3118",
	"json_timestamp_epoch_info":"json_timestamp_epoch is the time in milliseconds since the epoch as a floating point number. Epoch is designed to be January 1, 1970, 00:00:00 (UTC)"
},
"modelUserData_0": [
		[ 0.8091283263264779, 0.07236834402082723, 0.06837428219605428, 0.025986949527093028, 0.022182198710564288, 0.0006287415235794686, 0.0005953413139021649, 0.00016970553434446912, 0.0005661108471571641 ],
		[ 0.12884229247121065, 0.697086364577391, 0.05628124420684147, 0.011926095184739596, 0.03712845056993733, 0.011208730414010777, 0.026330264902029103, 0.02675884606696304, 0.004437711606876945 ],
		[ 0.04019468737389769, 0.14116099607415078, 0.028983718362057626, 0.2858442094636364, 0.0322997596539358, 0.17192832207228256, 0.2654444573102426, 0.028294104636534298, 0.00584974505326237 ],
		[ 0.01570296373581435, 0.06101303875542095, 0.11745228124240258, 0.1919016819019326, 0.5980001866709097, 0.012458138247161708, 0.00043556790005856857, 0.0006677021781604327, 0.0023684393681390847 ],
		[ 0.0021575796644327924, 0.0027760368474667933, 0.20972383668181788, 0.17306270801212678, 0.2075624648731716, 0.26590948829633326, 0.09366148073548394, 0.03760323832060587, 0.0075431665685612576 ],
		[ 0.0014589125710892127, 0.009274938861799524, 0.48944699988712864, 0.14436833931879728, 0.05400952820704845, 0.2813848325667694, 0.01584942037738273, 0.0009259461602805783, 0.0032810820497041855 ],
		[ 0.00052520557539143, 0.014399611372705663, 0.023778141087830502, 0.07699678541154713, 0.020978387747403137, 0.03255410696522372, 0.35480346711081434, 0.3449443087339559, 0.1310199859951282 ],
		[ 2.250330700179122e-05, 0.0016734717943775823, 0.0021216994594969877, 0.021036528982315117, 0.015777981743604015, 0.1599515675641522, 0.09892188653198179, 0.04756059444064508, 0.6529337661764254 ],
		[ 0.0019675289746841724, 0.0002471976958604153, 0.0038377968763700704, 0.06887670219781207, 0.012061041823425708, 0.06397607235048691, 0.1439581138181048, 0.5130755539285103, 0.1919999923347453 ]
	],
"modelUserData_1": [
		[ 0.1911817345470912, 0.3456949043583945, 0.2294607080111974, 0.2336626530833169 ],
		[ 0.14023772656966613, 0.19568972039922405, 0.18252335252985774, 0.481549200501252 ],
		[ 0.47369316070818074, 0.13407794508745688, 0.10744074778893144, 0.284788146415431 ],
		[ 0.1948873781750619, 0.32453743015492453, 0.4805751916700135, 0.0 ]
	],
"modelUserData_2": [
		[ 0.5749403397472105, 0.3146709755046447, 0.10267783863396544, 0.0011427218794498577, 0.006335497182540862, 0.00011499154194124291, 0.00011763551024743322 ],
		[ 0.2204133143132458, 0.504385509337566, 0.014199914408103248, 0.10856222907407292, 0.05410165718903364, 0.09093488507457755, 0.007402490603400799 ],
		[ 0.15980914161517917, 0.007312279534556297, 0.11455745708222703, 0.5816128523033179, 0.05343412540630748, 0.05880574218624978, 0.02446840187216221 ],
		[ 0.028633228772438065, 0.05057593972028794, 0.4421633186644151, 0.2519025762085749, 0.15928737990406017, 0.04502139346670695, 0.022416163263516885 ],
		[ 0.013839601834769778, 0.09000791493109062, 0.2578582504755425, 0.027891426050327524, 0.1218720521205328, 0.12276581889124039, 0.36576493569649643 ],
		[ 0.0005430624093088481, 0.015876108024420188, 0.06265088637745038, 0.021298905270310656, 0.2305056419644911, 0.20002496146246884, 0.4691004344915499 ],
		[ 0.0018213113078478639, 0.017171272947434355, 0.005892334358296433, 0.007589289213946117, 0.3744636462330341, 0.48233220737681515, 0.11072993856262614 ]
	],
"modelUserData_3": [
		[ 0.154648360818067, 0.06662316927637688, 0.020200132984898273, 0.1308067459186433, 0.12071968047592857, 0.08108447946671193, 0.17102871331488473, 0.22226057899265111, 0.03262813875183812 ],
		[ 0.765096695279998, 0.14984634308941258, 0.05092609329585909, 0.019388477411728233, 0.004043160143656805, 0.009940523679325805, 0.0006606111625725309, 1.4887449094944933e-05, 8.320848835198817e-05 ],
		[ 0.0028747080525777474, 0.6327903897898823, 0.06983781543932228, 0.18910653237277483, 0.06639947850063725, 0.020520683019977625, 0.0006954244577056692, 0.017103370845038653, 0.0006715975220836397 ],
		[ 0.0680173052478764, 0.016423681507002973, 0.08613676018845914, 0.4434972812663783, 0.08989711867331224, 0.21524088135249414, 0.044998406189941595, 0.03442029784816976, 0.0013682677263653908 ],
		[ 0.0036871999289120215, 0.009302689261800178, 0.17718807543061446, 0.16463106730000168, 0.2092152391307189, 0.22893172639396406, 0.07508517204920681, 0.06918309760444102, 0.06277573290034089 ],
		[ 0.0002660216632734022, 0.0832582262253411, 0.17190035937884976, 0.04530988274521229, 0.21814398833526755, 0.25868704130232495, 0.1467830472658521, 0.0380502915591498, 0.03760114152472912 ],
		[ 0.0037793932181364163, 0.012628985572016495, 0.14062177455573285, 0.004337865974442731, 0.21016689350849785, 0.030984186286610482, 0.0022909329279715757, 0.4456078000391387, 0.14958216791745294 ],
		[ 0.0006947025282533375, 0.009132593008874687, 0.24740552221782022, 0.0009742875967702062, 0.05816927479146809, 0.04815731712419031, 0.2525267311889949, 0.05338960203956205, 0.32954996950406623 ],
		[ 0.0009356132629056652, 0.01999392226929277, 0.035783466508443856, 0.0019478594140484593, 0.023245166440512874, 0.10645316137440064, 0.3059309614428702, 0.11997007362275397, 0.3857397756647717 ]
	],
"modelUserData_4": [
		[ 0.15799015623227997, 0.1413184986055482, 0.12691967490707015, 0.37355507056977155, 0.04702716453445221, 0.016563508847912217, 0.0543595664107296, 0.02347970335748546, 0.058786656534750625 ],
		[ 0.2704957391614725, 0.07115409581635748, 0.6089513962013522, 0.04333913883333094, 0.0019118955660042945, 0.0011505391055196901, 0.0008563081057931434, 0.0008498530968657965, 0.0012910341133039777 ],
		[ 0.11688269242805423, 0.3193689338765393, 0.1698222750075903, 0.21833642475055084, 0.17015301612078731, 0.004137152971965265, 0.0008140954940197021, 0.00043922036509189285, 4.6188985401119926e-05 ],
		[ 0.23122105708333468, 0.12429068701559244, 0.026235694930734934, 0.08318008928113518, 0.42492957806949133, 0.06001291460709107, 0.04465836095745799, 0.00240580830522821, 0.003065809749934197 ],
		[ 0.056420849570820844, 0.002266894697647962, 0.05357211794559607, 0.1282299073794669, 0.008643764215745574, 0.5276420719702565, 0.0649436083890466, 0.057467678826046704, 0.10081310700537294 ],
		[ 0.03911891794957225, 0.19502192916863115, 0.008771220720941747, 0.12814659956829438, 0.31473921357388396, 0.19375408728720073, 0.070585754178528, 0.014742368276494616, 0.035119909276453275 ],
		[ 0.07280460916829959, 0.05004360374258245, 0.0024987700981091063, 0.018384994003789682, 0.02290289900660986, 0.10842598767935897, 0.5168523528855223, 0.0629654263616165, 0.14512135705411155 ],
		[ 0.04052335990211888, 0.0663567317182404, 0.0006735881168255511, 0.0023349758334872493, 0.00868692645047556, 0.030848111715740072, 0.06096424837344487, 0.4759133805650385, 0.31369867732462897 ],
		[ 0.014542618504047068, 0.03017862535886061, 0.0025552620717799626, 0.004492799780173267, 0.0010055424625498785, 0.05746562581495557, 0.1859657052054578, 0.36173656084613215, 0.3420572599560434 ]
	],
"modelUserData_5": [
		[ 0.3135192782176528, 0.43050530990999947, 0.243612446603351, 0.0005079112226554215, 0.001814335575925965, 0.010040718470415358 ],
		[ 0.20212486286847947, 0.3097248912239148, 0.4710743957408425, 0.007038696991938639, 0.007070281409934191, 0.0029668717648903874 ],
		[ 0.0186602897518393, 0.2566323809286456, 0.11516770051903187, 0.5293099602240776, 0.050559874959490145, 0.02966979361691542 ],
		[ 0.2740783717731069, 0.0004412768649623153, 0.060246266426834165, 0.29123332789914885, 0.11642975099915268, 0.25757100603679506 ],
		[ 0.014367266432109197, 0.0026709468400637607, 0.04369110266975586, 0.1650152456178703, 0.6485532669346229, 0.12570217150557805 ],
		[ 0.17724993095681232, 2.5194232414080687e-05, 0.06620808804018462, 0.006894858044309282, 0.17557249012087428, 0.5740494386054057 ]
	],
"modelUserData_6": [
		[ 0.857143066855853, 0.008521173608317561, 0.13231911555415785, 0.0017512122521747783, 2.3205072497430645e-05, 2.2772529644871616e-05, 2.1036067291297497e-05, 0.00019841806006326725 ],
		[ 0.0039006542296950724, 0.9630603720630027, 0.02308365275388667, 0.008920542246125962, 0.000958079992891421, 2.609015302519668e-05, 2.61019291015065e-05, 2.4506632271486444e-05 ],
		[ 0.11822341943093566, 0.012479435918135702, 0.33403956777872507, 0.14343780401886383, 0.10977020837009682, 0.038178966090121474, 0.1490962763719973, 0.09477432202112421 ],
		[ 0.00796692928135055, 0.012570935919953974, 0.4109186240224474, 0.21590974070693744, 0.21296608766400785, 0.13842218222485564, 0.0001262841432043448, 0.0011192160372427951 ],
		[ 0.00048529796577092226, 0.0033326333884350534, 0.08026343791888375, 0.08299277390287658, 0.2950357481203023, 0.47351786019112047, 0.03815223306026736, 0.026220015452343502 ],
		[ 0.010942835402810424, 3.2738014906543978e-06, 0.013092799161386651, 0.4428260865033281, 0.07937021354301446, 0.10257930866527376, 0.010431030552808742, 0.3407544523698873 ],
		[ 0.0002936721925442298, 2.3957323839691145e-05, 0.0034033139685023376, 0.08398870120783682, 0.23954159508929138, 0.12296340708543965, 0.05645924696246868, 0.49332610617007716 ],
		[ 0.001044124641040191, 8.217976824655393e-06, 0.00287948884201019, 0.02017313916185641, 0.062334862147898434, 0.12428941306051891, 0.7456877909128607, 0.04358296325699035 ]
	],
"modelUserData_7": [
		[ 0.9153589829550629, 0.04517176567498828, 0.029630483854336847, 0.008770471819878878, 8.749104641852051e-05, 6.763592836360031e-05, 8.167036584161752e-05, 0.0008314983551093477 ],
		[ 0.04702230796506713, 0.05799778020337111, 0.5204863747503715, 0.14838584739946803, 0.03035381292735772, 0.07595312075992738, 0.04504039286190227, 0.07476036313253485 ],
		[ 0.024927442470918902, 0.08268363552883498, 0.07512232856554367, 0.035816586808832804, 0.17428250755731522, 0.3761299949678255, 0.10387808321275567, 0.12715942088797322 ],
		[ 0.005840903952639924, 0.7860042715138805, 0.10417089752471363, 0.06575054277685172, 0.0038935206036403145, 0.024540388642557105, 0.005281930144508616, 0.004517544841208169 ],
		[ 0.0007214787777289183, 0.018307291660949132, 0.16442775096301884, 0.4359082500978903, 0.17719149853182384, 0.013056397935494683, 0.08012460433904897, 0.11026272769404533 ],
		[ 0.002448448883773833, 0.008835050762976913, 0.04570133609493215, 0.03738702784167423, 0.3210580940543424, 0.31094235695838973, 0.2202180072095867, 0.053409678194324156 ],
		[ 0.0034554622504843597, 0.0007787087598148553, 0.040556995276152474, 0.21232729453229732, 0.2786611367656959, 0.1092418217246732, 0.2511090429050754, 0.10386953778580632 ],
		[ 0.00022497274432402813, 0.0002214958951842615, 0.019903832970930825, 0.055653978723106734, 0.014471938513406113, 0.09006828308276879, 0.2942662689612806, 0.5251892291089986 ]
	],
"activityUserData_0": [
		[ 0.8130860016485454, 0.06596903773501843, 0.07855406851594784, 0.013432489805438345, 0.008505168473162355, 0.004020275229189647, 0.001076946193602859, 0.015356012399095122, 0.0 ],
		[ 0.12847062482770621, 0.689404713896785, 0.05049536893479577, 0.017797835270248277, 0.058627910024117186, 0.0013834837913552327, 0.025712607840333176, 0.028107455414659192, 0.0 ],
		[ 0.04062776358553411, 0.13491832774784496, 0.025756139093720806, 0.2856243458353344, 0.011276481682946298, 0.1769988341286801, 0.28498570841854926, 0.03981239950739008, 0.0 ],
		[ 0.0022775320022255146, 0.06394071784943037, 0.11451084209052019, 0.19562073986753312, 0.5939526520518393, 0.014550733509649864, 0.0009057533718855398, 0.014241029256916015, 0.0 ],
		[ 0.0017617871284277215, 0.001256240875214758, 0.21824408096459905, 0.1641421786210044, 0.21266376709285975, 0.267839669047656, 0.08509252484480964, 0.04899975142542872, 0.0 ],
		[ 0.004502286588998413, 0.004777453870539582, 0.4854543314142615, 0.12995598836698272, 0.03712251845862559, 0.28547616776138474, 0.01606082378117767, 0.00868219903212139, 0.027968230725908486 ],
		[ 0.007099532758336784, 0.004436934352982917, 0.008708831343495689, 0.07447171071340766, 0.018856047610000856, 0.028125805162903045, 0.351159138747108, 0.3458636049823878, 0.16127839432937735 ],
		[ 0.0021744714602258547, 0.03529657367218402, 0.018276337642659134, 0.04015178883496675, 0.03026738409776941, 0.16303441900683177, 0.12206379993684405, 0.08458317821292953, 0.5041520471355894 ],
		[ 0.0, 0.0, 0.0, 0.07880292268508438, 0.02872807050867921, 0.05857061236234959, 0.11294269686568965, 0.41435436976907214, 0.3066013278091244 ]
	],
"activityUserData_1": [
		[ 0.19944157203412533, 0.3325578157141587, 0.23488626285067926, 0.23311434940103665 ],
		[ 0.14117705574490838, 0.18368083257862933, 0.1923565651675835, 0.48278554650887884 ],
		[ 0.4715685609222906, 0.12777319049461966, 0.11655814449300528, 0.28410010409008446 ],
		[ 0.18781281129867566, 0.35598816121259236, 0.456199027488732, 0.0 ]
	],
"activityUserData_2": [
		[ 0.5661482841376841, 0.3158098644610419, 0.09290375218866627, 0.005593791293900585, 0.014284038572270917, 0.005260269346436128, 0.0 ],
		[ 0.21277167817413362, 0.5141911030911761, 0.008418935173618443, 0.11295074096221851, 0.05929618369569283, 0.09237135890316056, 0.0 ],
		[ 0.1558998048744575, 0.002057448795142418, 0.15019315955944554, 0.5671321197597118, 0.037410364236293105, 0.0705545011145436, 0.016752601660405944 ],
		[ 0.005976926248549664, 0.04799814162566364, 0.43805284340543454, 0.24621132106520827, 0.17044559203757015, 0.05876817969081403, 0.03254699592675971 ],
		[ 0.0039020272769415137, 0.09304694737587052, 0.2357754189222767, 0.04397208095612165, 0.11493684807473485, 0.11920378667364466, 0.38916289072041016 ],
		[ 0.008473815269036292, 0.025432123601779735, 0.0746558907505585, 0.01757049446669358, 0.22090065459814942, 0.2264738000780035, 0.4264932212357789 ],
		[ 0.046827464019197254, 0.0014643710493255982, 0.0, 0.00656945149614566, 0.38272631878528873, 0.42736810419339744, 0.13504429045664512 ]
	],
"activityUserData_3": [
		[ 0.14910094909097601, 0.058167087597626115, 0.013406282079827681, 0.13679751443797483, 0.1313876894627325, 0.08113428676459462, 0.1789616396511421, 0.21442154387063275, 0.03662300704449346 ],
		[ 0.7609036563995284, 0.14879909117542078, 0.048369127147293994, 0.027543027040836495, 0.005074617015423746, 0.0014835920473195239, 0.002540125180632522, 0.00146249271470233, 0.010549512690901909 ],
		[ 0.01875736614902656, 0.6236130675764826, 0.07664674809839601, 0.18283793911553226, 0.05505269774606555, 0.006837565766220495, 0.01201085803956839, 0.013694244817806166, 0.010549512690901909 ],
		[ 0.0564283995704051, 0.01701674688818932, 0.09879759507780633, 0.439276584572597, 0.09501286992355196, 0.20567101987522363, 0.04032687404769409, 0.036920397353630764, 0.010549512690901909 ],
		[ 0.010522805196888836, 0.0072437504465446036, 0.1687813288784498, 0.15267007908926286, 0.21404730148700868, 0.23045222241306568, 0.07081199496344313, 0.06665861184579856, 0.07881190567953787 ],
		[ 0.004311140812332278, 0.06765859734119685, 0.1730877235937176, 0.04165765005128685, 0.21265246521317172, 0.2513550268064805, 0.15123167712310484, 0.03859437333525351, 0.0594513457234559 ],
		[ 0.0036534459948713055, 0.005658144655938143, 0.14855560749518137, 0.014106802166742892, 0.22151334490245775, 0.03046318308004172, 0.023285776798374087, 0.4435758606379396, 0.10918783426845319 ],
		[ 0.0022133017206783026, 0.009546074532172646, 0.2723555876293272, 0.005110403525766962, 0.06525901424958823, 0.05535181371239657, 0.24245076674258037, 0.04784289561709055, 0.2998701422703991 ],
		[ 0.0, 0.06229743978642884, 0.0, 0.0, 0.0, 0.13725128953465734, 0.27838028745346055, 0.13682957980714586, 0.378516162006248 ]
	],
"activityUserData_4": [
		[ 0.13556152191126228, 0.12896621784143283, 0.11811039228241585, 0.3677593797601783, 0.057063540071380404, 0.020998305986595606, 0.061527897124459045, 0.038604138140411054, 0.07140860688186469 ],
		[ 0.2830911850803111, 0.057463120814058244, 0.6023866595545847, 0.037660299462383674, 0.0005251436267558478, 0.0033060154207954643, 0.008549108885320886, 0.0009114271130868704, 0.0061070400427031745 ],
		[ 0.10926333664123114, 0.3105940464973805, 0.16136709657440215, 0.21475182770301526, 0.17724850354880664, 0.006163830191944034, 0.009632800055782246, 0.006772644948068891, 0.0061070400427031745 ],
		[ 0.22344942481141647, 0.13082141749655574, 0.02846557587008197, 0.0859778479032615, 0.4178631001240223, 0.05910830111522177, 0.04738092745400362, 0.0062611362087499345, 0.0061070400427031745 ],
		[ 0.04992390234129228, 0.019343364799284276, 0.027431078258772845, 0.1417784317901218, 0.00782532577134178, 0.5242350242440318, 0.07214822161741329, 0.06495674627300464, 0.09235790490473726 ],
		[ 0.03505477495117951, 0.16091784509840074, 0.0007610587624293282, 0.13562098309682757, 0.3194734588152391, 0.18679292316346027, 0.06259604895760279, 0.017148829397990208, 0.08163407775687048 ],
		[ 0.0690278028994304, 0.04567706727771134, 0.029193728775127246, 0.0009763166986034759, 0.016092935121247504, 0.11149941035253685, 0.520490674369215, 0.07687917966744773, 0.13016288483868035 ],
		[ 0.030352197355607596, 0.06185460835963388, 0.013267785531327167, 0.01547491358560845, 0.0039079929212064565, 0.037705732591175545, 0.07527436382613595, 0.47954446661043304, 0.282617939218872 ],
		[ 0.06427585400826921, 0.08436231181554252, 0.019016624390858765, 0.0, 0.0, 0.05019045693423876, 0.1423999577100671, 0.3089214316408076, 0.32349746627086556 ]
	],
"activityUserData_5": [
		[ 0.3061268814563136, 0.4362719666773221, 0.24420842295917827, 0.00550727479262414, 0.0007015499621471786, 0.0071839041524146404 ],
		[ 0.2014521472812445, 0.2997511690904133, 0.4812248436174209, 0.0012995538527582923, 0.009088382005748272, 0.0071839041524146404 ],
		[ 0.032325382418699325, 0.23816643063537438, 0.11524152759542539, 0.5474883285437415, 0.03920765113960826, 0.02757067966715116 ],
		[ 0.27255764497258006, 0.010423907141551452, 0.050582761833416444, 0.27650761477723484, 0.1337397927218849, 0.2561882785533323 ],
		[ 0.03375583992129352, 0.015386526455338645, 0.050061455719044114, 0.16919722803364126, 0.6393993629454429, 0.09219958692523965 ],
		[ 0.153782103949869, 0.0, 0.05868098827551492, 0.0, 0.1778632612251685, 0.6096736465494474 ]
	],
"activityUserData_6": [
		[ 0.8323198956170029, 0.01065978292614081, 0.1194103839904936, 0.009599605741329611, 0.01051908611463406, 0.0021806025316275196, 0.015310643078771433, 0.0 ],
		[ 0.0011841843271513746, 0.9549785189703487, 0.019437332633477456, 0.0006119236059714296, 0.002768656818588477, 0.004616521862425526, 0.016402861782036947, 0.0 ],
		[ 0.12452690522359576, 0.0020692220704558277, 0.33806234153789727, 0.12943616930916563, 0.10064807607880323, 0.04722085582090834, 0.1384035573720435, 0.11963287258713048 ],
		[ 0.000817060648036268, 0.002707445162767462, 0.41359657427844754, 0.21508585821458848, 0.20767325347582916, 0.1409809481346356, 0.0191388600856957, 0.0 ],
		[ 0.009562549119574631, 0.002664555248385325, 0.07667982921851213, 0.07314119319212992, 0.2976204751114051, 0.4689575566801574, 0.0713738414298354, 0.0 ],
		[ 0.020900106788816524, 0.0013208536076471673, 0.015409195033325208, 0.4450941391877161, 0.09027666473172, 0.11462282336679994, 0.01336206839032869, 0.2990141488936463 ],
		[ 0.010689298275822467, 0.02559962201425459, 0.01740434330784679, 0.09284905799135168, 0.25350439289133125, 0.13621497777019265, 0.1005199737212395, 0.363218334027961 ],
		[ 0.0, 0.0, 0.0, 0.03418205275774737, 0.03698939477768862, 0.08520571383325308, 0.625488194140049, 0.2181346444912622 ]
	],
"activityUserData_7": [
		[ 0.9033384557685801, 0.02820048262131041, 0.032792304755474254, 0.002375607258284616, 0.0026837575402859993, 0.0069731502934439, 0.003807028947722443, 0.019829212814898328 ],
		[ 0.04283905658745857, 0.06011206255967332, 0.5189703933980079, 0.13388349640072678, 0.032881336253100614, 0.0730507892736038, 0.05115395336237663, 0.08710891216505257 ],
		[ 0.030078683796037925, 0.07409447004791582, 0.09360810983175905, 0.02750512430991934, 0.17889885740043557, 0.3845355110761715, 0.12144466861003063, 0.08983457492773024 ],
		[ 0.00665098430720219, 0.7975780091642776, 0.10268529674372853, 0.06747973047110371, 0.0026280385576399287, 0.016447429993412456, 0.0070048357842386185, 0.0094932304576187 ],
		[ 0.0014380377255229157, 0.01092593201280064, 0.17251295954308546, 0.4407260450757842, 0.18430749884734915, 0.01453231550979953, 0.06521817867533852, 0.11033903261031958 ],
		[ 0.016325023597902725, 0.022174421286868768, 0.04228028663055895, 0.02909363854204302, 0.3124126614278747, 0.31054906331739135, 0.23604279742733428, 0.031122107770026206 ],
		[ 0.0023647642326154582, 0.006914622307153407, 0.03715064909738584, 0.2063655942602398, 0.2861878499733139, 0.12261159523494755, 0.25152957940417575, 0.08687534549016823 ],
		[ 0.0, 0.0, 0.0, 0.09257076368189858, 0.0, 0.07130014530123001, 0.26379895778878315, 0.5623625777488663 ]
	]
}