{
"user": "user_2",
"modelUserData_0": [
		[ 0.9303570309188441, 0.024629871568780697, 0.013997681187990404, 0.004422626608516697, 0.013785801370544899, 0.011624317432144706, 2.390257442738907e-05, 0.0011587683387510607 ],
		[ 0.0010300179053140473, 0.33251358600637826, 0.5392721516121792, 0.10490342309677717, 0.005987470761290039, 0.010114910159413636, 0.0024619965102656745, 0.0037164439483819006 ],
		[ 0.037918936541409716, 0.24707934736295292, 0.263824479493214, 0.22598117878197832, 0.14427554071748003, 0.05278946519449015, 0.007338600416009974, 0.020792451492464847 ],
		[ 0.024185578597550876, 0.059475025690353595, 0.11892601800739194, 0.5740596931898104, 0.029754579429119566, 0.16182594227492547, 0.01709484496682298, 0.014678317844025207 ],
		[ 0.005982183055149844, 0.10426876626391028, 0.03721824764838806, 0.024763582206930815, 0.759872037490928, 0.06607578624732696, 0.0011799344523468224, 0.0006394626350191258 ],
		[ 2.017777773270173e-05, 0.0343352193362628, 0.02333223514530867, 0.05598967579791388, 0.03883144043064902, 0.5100337463736438, 0.033287098258810884, 0.30417040687967817 ],
		[ 0.00014558641510725942, 0.11255491432079338, 0.0028432223158132183, 0.0014955175021902289, 0.007350473642005915, 0.12003583130322816, 0.2535115676158298, 0.502062886885032 ],
		[ 0.00036048878889140745, 0.08514326945056809, 0.0005859645897144665, 0.008384302815882524, 0.00014265615798258503, 0.0675000010148271, 0.6851020552054863, 0.15278126197664765 ]
	],
"modelUserData_1": [
		[ 0.09037211833559211, 0.16361005269689455, 0.40188751405695927, 0.34413031491055407 ],
		[ 0.01860414587160106, 0.7965265792782227, 0.1291668308736587, 0.055702443976517524 ],
		[ 0.12917933721494396, 0.013099503115279968, 0.37095196236027184, 0.4867691973095043 ],
		[ 0.7618443985778629, 0.026763864909602805, 0.09799369270911013, 0.11339804380342411 ]
	],
"modelUserData_2": [
		[ 0.30118804600501203, 0.438837573234712, 0.18287633982485743, 0.02833388182260482, 0.04377338378167431, 0.003712562146924769, 0.0011339640885064083, 0.00014424909570821907 ],
		[ 0.16088919726795442, 0.4424337316600781, 0.31718489772956326, 0.05713083034887257, 0.006119078361844821, 0.010695439132063521, 0.00181471436309922, 0.003732111136524027 ],
		[ 0.5132069917811566, 0.01849117035909777, 0.44884610454222884, 0.009666511181167528, 0.0008111634963545705, 0.003497012333753322, 0.003742857519841926, 0.001738188786399474 ],
		[ 0.005262706394428304, 0.0026598095929550314, 0.04203990620991453, 0.39035381656417467, 0.10419478579075053, 0.1835241532797084, 0.004116588750257523, 0.26784823341781117 ],
		[ 0.014986266864977732, 0.09684128271423474, 0.004445162623713481, 0.06449988130682889, 0.20797932094809063, 0.1335278872372559, 0.03186336942780893, 0.44585682887708966 ],
		[ 0.001320358697788433, 0.0005218155751519536, 0.0009261113215094929, 0.21318545180320986, 0.2467137117730268, 0.381959516654412, 0.001529278986919848, 0.15384375518798143 ],
		[ 0.0008510876385469283, 7.586664829175448e-05, 0.00022118512970600073, 0.1213927676710259, 0.19717394823707113, 0.03207037720988688, 0.0047140425062749255, 0.6435007249591964 ],
		[ 0.002295345350135508, 0.00013875021547858835, 0.0034602926185069846, 0.1154368593021158, 0.19323460761118716, 0.25101305200599533, 0.9510851843572911, -0.5166640914607104 ]
	],
"modelUserData_3": [
		[ 0.13001657326862037, 0.4384475071093476, 0.286111966165203, 0.04874465048487514, 0.09667930297195387 ],
		[ 0.46027131888482314, 0.3312125203852615, 0.09510116234463699, 0.0736518557421835, 0.039763142643094926 ],
		[ 0.015845320932566805, 0.1428306326775843, 0.20599503839247177, 0.0973316249261149, 0.5379973830712621 ],
		[ 0.04575369193466571, 0.009471245694151347, 0.017066921823680838, 0.06257095494271282, 0.8651371856047892 ],
		[ 0.34811309497932397, 0.07803809413365519, 0.39572491127400744, 0.7177009139041136, -0.5395770142911002 ]
	],
"modelUserData_4": [
		[ 0.22373632018904666, 0.5973906823745304, 0.16269201879950454, 0.006176112416928487, 0.010004866219989906 ],
		[ 0.09007336292147633, 0.07201504292907582, 0.564643495516874, 0.24567977821532522, 0.027588320417248735 ],
		[ 0.12555122666598764, 0.007513904463288176, 0.047217575867230625, 0.4268268297880209, 0.3928904632154727 ],
		[ 0.499968977729756, 0.049311345536051425, 0.19647893290823265, 0.09119605418931785, 0.16304468963664204 ],
		[ 0.06067011249373333, 0.27376902469705416, 0.028967976908158166, 0.23012122539040758, 0.4064716605106467 ]
	],
"modelUserData_5": [
		[ 0.17539638366175203, 0.6287089279165776, 0.03730819417120804, 0.0007644027140266889, 0.15782209153643562 ],
		[ 0.5760962685028963, 0.32056764799913573, 0.0016896180442358567, 0.09825106299165755, 0.003395402462074565 ],
		[ 0.186141676772646, 0.04660578977713848, 0.07373449007773603, 0.47555360553082093, 0.21796443784165853 ],
		[ 0.03025137845348233, 0.002241008643417053, 0.5931692581090241, 0.31154180790659464, 0.06279654688748187 ],
		[ 0.03211429260922333, 0.0018766256637311168, 0.294098439597796, 0.11388912085690023, 0.5580215212723494 ]
	],
"modelUserData_6": [
		[ 0.0040899063494752586, 0.39774512302135023, 0.5515095191857371, 0.04665545144343741 ],
		[ 0.9623862553457254, 0.0025793332670075372, 0.0276939026690845, 0.007340508718182547 ],
		[ 0.02477604293676689, 0.5983647860782453, 0.2703275176702191, 0.10653165331476866 ],
		[ 0.008747795368032434, 0.0013107576333969417, 0.15046906047495928, 0.8394723865236113 ]
	],
"modelUserData_7": [
		[ 0.4016414999637252, 0.04922534320363872, 0.0140368575806753, 0.3790862919240636, 0.07176393730175533, 0.0772679670586366, 0.006978102967505229 ],
		[ 0.1752451481384121, 0.6489835618101271, 0.03596590603848339, 0.13117916685456646, 0.005046303710070743, 0.0009082796319425179, 0.002671633816397765 ],
		[ 0.20586603548917598, 0.08646213682850011, 0.4082181654784446, 0.06820610961909754, 0.031224600023263466, 0.1506078848099495, 0.04941506775156887 ],
		[ 0.05862897100834043, 0.02292051887842408, 0.21272084466848346, 0.11481101793716415, 0.006484139771712445, 0.10850837595231136, 0.475926131783564 ],
		[ 0.040926460764075134, 0.019809007050102377, 0.3037107767381903, 0.08004565827716632, 0.14628519997585013, 0.27054248782915685, 0.13868040936545895 ],
		[ 0.013825518177391064, 0.12503639102924236, 0.012498564917688623, 0.14728440277817684, 0.12255354460187873, 0.019985867856342526, 0.5588157106392798 ],
		[ 0.1038663664588801, 0.047563041199965295, 0.012848884578034361, 0.0793873526097651, 0.6166422746154692, 0.3721791368616607, -0.2324870563237747 ]
	],
"activityUserData_0": [
		[ 0.9311047120123627, 0.024418720783915198, 0.025945713786021944, 0.00820942931408395, 0.018786225416185583, 0.007077815236269278, 0.004324435861395554, -0.019867052410234176 ],
		[ 0.0014702347429310012, 0.3148821958834301, 0.5433454548561983, 0.10508172786669964, 0.016428039717175685, 0.03360896161239836, 0.0051904674516003654, -0.020007082130433375 ],
		[ 0.02568398508999058, 0.24152340639637968, 0.26163634910890154, 0.23856270180318367, 0.14674372525340987, 0.053346200183805786, 0.012280786631157883, 0.020222845533170948 ],
		[ 0.02002335896440976, 0.067912769592671, 0.12990375051025893, 0.5605536911901841, 0.04273867087698953, 0.1473242774603852, 0.022275752930602313, 0.009267728474499207 ],
		[ 0.012448102346163512, 0.10061677893857497, 0.027220745162309046, 0.049520326594044844, 0.76677593959643, 0.06933963682904314, 0.0016198007261508567, -0.02754133019271635 ],
		[ 0.0208223974600134, 0.04435255518448232, 0.019736823629077645, 0.056535733489231965, 0.05262913292577541, 0.5143410999824193, 0.03521130658413864, 0.25637095074486127 ],
		[ 0.009981112138925401, 0.10934260739568948, 0.0005506489903257077, 0.00842925659551111, 0.009961434069469413, 0.12251227248299433, 0.2663971441979892, 0.4728255241290954 ],
		[ -0.02153390275479631, 0.09695096582485722, -0.008339486043093165, -0.026892866852939235, -0.05406316785543545, 0.052449736212684686, 0.6527003056169652, 0.30872841585175703 ]
	],
"activityUserData_1": [
		[ 0.09104305189470147, 0.17829021733469028, 0.40857438694416104, 0.32209234382644725 ],
		[ 0.0027877183319669693, 0.7912561931039904, 0.14204950841968847, 0.0639065801443541 ],
		[ 0.11120232576784157, 0.02939591755847004, 0.37380375303664853, 0.4855980036370398 ],
		[ 0.79496690400549, 0.0010576720028492304, 0.07557235159950199, 0.1284030723921588 ]
	],
"activityUserData_2": [
		[ 0.28888413885552444, 0.42026010753264376, 0.1903958034473656, 0.03551364744453648, 0.06066839254017033, 0.010651027902514676, 0.0213755491268879, -0.027748666849643167 ],
		[ 0.14868575381833848, 0.4359894338024705, 0.3147236894623873, 0.06359172971033772, 0.01115318235929595, 0.030110613912492645, 0.0005608599274963104, -0.00481526299281895 ],
		[ 0.5186921255020441, 0.0189355152624588, 0.4340757885274549, 0.007261682618587317, 0.006884560228003839, 0.007054141260342356, 0.005107862883387278, 0.0019883237177214094 ],
		[ 0.018291252718397825, 0.012723941364675324, 0.05838542186696068, 0.38765061553262037, 0.09709926002905588, 0.16934984918696738, 0.01326361316034794, 0.24323604614097452 ],
		[ 0.006564495493067805, 0.09655727809892928, 0.0004328102542175199, 0.09474595680074059, 0.20406361523753797, 0.1425586442194174, 0.019488799787594355, 0.4355884001084949 ],
		[ 0.0042728978195379855, 0.006583850329401049, 0.005513431870293066, 0.20941832689051892, 0.24662044818939574, 0.36302194743468663, 0.0010285895621078619, 0.1635405079040588 ],
		[ 0.010793835305227728, 0.01085453429975858, 0.009114381575744141, 0.11722708737924545, 0.20936724605512425, 0.034829611098292204, 0.00303404556213307, 0.6047792587244746 ],
		[ 0.003815500487861598, -0.0019046606903373037, -0.012641327004423223, 0.08459095362341315, 0.16414329536141592, 0.24242416498528663, 0.9361406799900454, -0.4165686067532621 ]
	],
"activityUserData_3": [
		[ 0.1202275280023766, 0.42784351491390743, 0.2768931247182846, 0.05449216219708177, 0.12054367016834963 ],
		[ 0.45831219294593517, 0.31207002467926304, 0.081096341267212, 0.06198118832933746, 0.08654025277825234 ],
		[ 0.018774042497026543, 0.14349753893412617, 0.20476990726694352, 0.08668273232068703, 0.5462757789812167 ],
		[ 0.04930056594614662, 0.01326902630437792, 0.000833417574165194, 0.06006230487521958, 0.8765346853000907 ],
		[ 0.3533856706085151, 0.10331989516832539, 0.4364072091733946, 0.7367816122776742, -0.6298943872279094 ]
	],
"activityUserData_4": [
		[ 0.21876129276250497, 0.6124597365938446, 0.16559168918179312, 0.0025421527883808547, 0.0006451286734764617 ],
		[ 0.07986727628539961, 0.08250089369649849, 0.5902639649897267, 0.25132809306574144, -0.003960228037366176 ],
		[ 0.1310775831531668, 0.0005685450902119119, 0.03864930766010763, 0.4344878552558773, 0.3952167088406364 ],
		[ 0.5019214648732386, 0.043203609715286334, 0.17669388711794273, 0.06800006799133511, 0.21018097030219712 ],
		[ 0.06837238292568992, 0.2612672149041587, 0.028801151050429852, 0.24364183089866526, 0.3979174202210562 ]
	],
"activityUserData_5": [
		[ 0.1409821534133726, 0.6262702512941674, 0.041246581796170155, 0.004250017248572232, 0.18725099624771763 ],
		[ 0.5698137985661551, 0.30889139889837075, 0.003667110705065706, 0.08761649090405452, 0.030011200926353926 ],
		[ 0.18729557833306276, 0.04816748646487098, 0.07500839327842103, 0.4709166936654801, 0.2186118482581651 ],
		[ 0.038383845861702105, 0.004050016568689464, 0.6011016074625628, 0.30447414550002744, 0.05199038460701827 ],
		[ 0.06352462382570742, 0.012620846773901451, 0.2789763067577803, 0.1327426526818657, 0.5121355699607453 ]
	],
"activityUserData_6": [
		[ 0.01303142644737866, 0.421285229359622, 0.5423775066904574, 0.023305837502542004 ],
		[ 0.9506895635290384, 0.0012970160245072305, 0.03736490281839337, 0.01064851762806096 ],
		[ 0.03915367589946434, 0.6083399080296147, 0.2675180574989709, 0.08498835857195003 ],
		[ -0.0028746658758814284, -0.030922153413743936, 0.15273953299217835, 0.8810572862974471 ]
	],
"activityUserData_7": [
		[ 0.40122649642740577, 0.042897419479538054, 0.023362285605481526, 0.3747646578006382, 0.05675518055996627, 0.05035316617638218, 0.05064079395058807 ],
		[ 0.17756317598563184, 0.6482777311182236, 0.025697825665237498, 0.12993873966807604, 0.010679889069612553, 0.019800562444891687, -0.011957923951673253 ],
		[ 0.19940345003107487, 0.0902844444091365, 0.40107159909713963, 0.07935643668803302, 0.03247612318488502, 0.15635307435915594, 0.041054872230575024 ],
		[ 0.07350970122856967, 0.006557899993004518, 0.21727017756436548, 0.1019930405800748, 3.777463178763086e-05, 0.10114523837700921, 0.49948616762518855 ],
		[ 0.059616713408234635, 0.014852279079467443, 0.3089226159698978, 0.08063802127002372, 0.1615346342323948, 0.28825717055990047, 0.08617856548008124 ],
		[ 0.030659006116719803, 0.13154494041102754, 0.010931717597606255, 0.14535242463256617, 0.12323689335382755, 0.02321503706376091, 0.5350599808244917 ],
		[ 0.05802145680236344, 0.0655852855096023, 0.012743778500271858, 0.08795667936058796, 0.615279504967526, 0.3608757510188996, -0.2004624561592513 ]
	]
}