{
"user": "user_1",
"modelUserData_0": [
		[ 0.48483406006428886, 0.12522413090145665, 0.17450814901695783, 0.17503179499554, 0.01694346786348913, 0.015675224702923308, 0.007783172455344194 ],
		[ 0.36754323347701, 0.07112105775690206, 0.27487428365369776, 0.09564173894718156, 0.016506188926356115, 0.158908284603028, 0.015405212635824533 ],
		[ 0.07830083995029358, 0.13174120171577733, 0.503610565984546, 0.16494886432631506, 0.11911070582023735, 0.0010112358467594994, 0.001276586356071206 ],
		[ 0.011542640931852137, 0.30620204701005754, 0.027134150562481696, 0.15588816213370674, 0.4743356027139574, 0.02279702302818539, 0.002100373619759101 ],
		[ 0.01747645585295389, 0.15826649499262396, 0.011674744816486329, 0.2370325876953721, 0.24735629201594317, 0.18049110341761423, 0.1477023212090062 ],
		[ 0.02385753747841435, 0.14900943211786294, 0.004351695024172996, 0.001719474818561626, 0.09952262168055458, 0.24246259241390242, 0.47907664646653114 ],
		[ 0.01644523224518717, 0.05843563550531955, 0.003846410941657495, 0.16973737708332295, 0.026225120979462294, 0.37865453598758714, 0.34665568725746365 ]
	],
"modelUserData_1": [
		[ 0.06711877440587133, 0.8560624843158873, 0.028448474233734214, 0.024280649223822556, 0.016619162909363216, 0.007470454911321412 ],
		[ 0.36046413958351403, 0.12993936249395507, 0.05184897559208926, 0.03393762300254726, 0.2760637698023485, 0.14774612952554594 ],
		[ 0.2532305306102221, 0.005662196652097649, 0.03068894503695361, 0.02637825539834881, 0.43222496970389646, 0.2518151025984814 ],
		[ 0.15444706545162795, 0.0013477179602208915, 0.09616660098075831, 0.10214027802430194, 0.07230452478893047, 0.5735938127941604 ],
		[ 0.057551255072373915, 0.005329689958524904, 0.4130287161638687, 0.49466291565192416, 0.004872089566573338, 0.02455533358673498 ],
		[ 0.10718823487639062, 0.0016585486193142094, 0.37981828799259587, 0.31860027869905533, 0.197915483228888, -0.005180833416244174 ]
	],
"modelUserData_2": [
		[ 0.8952301989732996, 0.0803470612334063, 0.009022574690171804, 0.015400165103122306 ],
		[ 0.013580538633172127, 0.47208087246419067, 0.14105774706801785, 0.3732808418346194 ],
		[ 0.07229360388029146, 0.1446544778245521, 0.18776428927695363, 0.5952876290182028 ],
		[ 0.018895658513236824, 0.30291758847785094, 0.6621553889648567, 0.016031364044055585 ]
	],
"modelUserData_3": [
		[ 0.6343293205248324, 0.22116980453308072, 0.10433435907418165, 0.01028565524807289, 0.02770466953752045, 0.002176191082311922 ],
		[ 0.16035076936787918, 0.5422494448433504, 0.22571105918799358, 0.04353976470197843, 0.014795935047913985, 0.013353026850884468 ],
		[ 0.013727070589684557, 0.08087807345155322, 0.19151441871005015, 0.533041743167458, 0.10119357438881987, 0.07964511969243421 ],
		[ 0.16892118178390947, 0.08165815898944848, 0.049114529495810424, 0.18988053653099488, 0.3362666109333322, 0.1741589822665045 ],
		[ 0.01808682804956598, 0.024332433186608136, 0.17856084578193332, 0.18765008470800337, 0.46737670462290226, 0.12399310365098692 ],
		[ 0.0045848296841284435, 0.04971208499595903, 0.25076478775003086, 0.035602215643492446, 0.052662505469511234, 0.6066735764568779 ]
	],
"modelUserData_4": [
		[ 0.35751747907680387, 0.46546894027052016, 0.09592472066703715, 0.036912773161102634, 0.009962217718689171, 0.011784702489107806, 0.009237995847230285, 0.013191170769508924 ],
		[ 0.26539837794573573, 0.2558892945375462, 0.3750167405481195, 0.03107069951034467, 0.04622698803975842, 0.011568717063578121, 0.01175441970590436, 0.0030747626490129753 ],
		[ 0.19616836322983341, 0.15594906775286616, 0.18901257626442666, 0.2672038780487195, 0.17834670511855139, 0.004871720667448178, 0.003372285775680102, 0.005075403142474624 ],
		[ 0.17345147485919596, 0.04004459790125908, 0.04732850202045893, 0.4371726632562358, 0.0425244937981829, 0.05598187270044226, 0.005196342852171684, 0.1983000526120533 ],
		[ 0.0026288165372732797, 0.04567329746578918, 0.23780231380780034, 0.026941445706250323, 0.11139684628083367, 0.0277825139899752, 0.5261922466387888, 0.02158251957328905 ],
		[ 0.001286939388627434, 0.013341279196277842, 0.044564215497629504, 0.08014400100175735, 0.2650277791814985, 0.48843491278474344, 0.08661834307152659, 0.020582529877939362 ],
		[ 0.002178324932583584, 0.014214723196748507, 0.0018026052530100876, 0.04945694797048529, 0.04007955049675747, 0.3902402275376212, 0.09138631705398216, 0.41064130355881157 ],
		[ 0.0013702240299467306, 0.00941879967899291, 0.008548325941517793, 0.0710975913451044, 0.3064354193657283, 0.009335332767083704, 0.26624204905471605, 0.3275522578169101 ]
	],
"modelUserData_5": [
		[ 0.30221442065874726, 0.6303600526534284, 0.005998687376654062, 0.061426839311170246 ],
		[ 0.14052663674948573, 0.22809362913800663, 0.3068274133629326, 0.32455232074957496 ],
		[ 0.32434600763737853, 0.1180215590363201, 0.26592094929055815, 0.29171148403574326 ],
		[ 0.23291293495438847, 0.02352475917224485, 0.42125294996985513, 0.32230935590351156 ]
	],
"modelUserData_6": [
		[ 0.5279211757897737, 0.25982912592183255, 0.10853855535141117, 0.08872674874219622, 0.008285524673328997, 8.37199441503832e-05, 0.0021991326643554065, 6.500218283258745e-05, 0.004351014730118978 ],
		[ 0.2759369317849083, 0.19818200051719037, 0.5247381807842328, 0.00021108825165021576, 0.0007607265113934983, 9.285965837448821e-05, 4.9777410516386646e-05, 1.1136907330545101e-05, 1.7298174403349834e-05 ],
		[ 0.17257878716665784, 0.3410465485972534, 0.16646841473535573, 0.18065974031461748, 0.10526014168034983, 0.01673307498316842, 0.016552623061401914, 0.000608755352737387, 9.191410845794934e-05 ],
		[ 0.010543115964912992, 0.08825541983512415, 0.132014400662064, 0.17381337738192587, 0.37924181857209394, 0.10894810641766461, 0.013289368027713107, 0.011950564353183021, 0.08194382878531818 ],
		[ 0.010499343883195312, 0.07603385281318746, 0.044309031450258246, 0.13378712957129565, 0.09336812463685056, 0.5238302992490029, 0.061890094850568754, 0.012884089979033796, 0.0433980335666074 ],
		[ 0.0023688891166992916, 0.02609380616279503, 0.02151576502509005, 0.25599705173087156, 0.24666879045929554, 0.324278945830087, 0.09484835910637797, 0.015830622221180677, 0.012397770347602876 ],
		[ 0.00010878560275660984, 0.006874790857770258, 1.6997418648800336e-05, 0.0587038072254476, 0.05912456893276144, 0.01148790086798385, 0.5190470825532504, 0.29916816154176346, 0.04546790499961767 ],
		[ 3.535661444937772e-05, 0.0002637172253876509, 0.0005663587198161774, 0.06714156372581478, 0.06982640794084516, 0.008863127266412236, 0.06293589349210181, 0.3180829690769146, 0.47228460593825816 ],
		[ 7.614076646566994e-06, 0.003420738069459053, 0.0018322958531229463, 0.04095949305618066, 0.03746389659308108, 0.005681965783156119, 0.22918766883371422, 0.341398698385024, 0.3400476293496153 ]
	],
"modelUserData_7": [
		[ 0.10523387912611248, 0.5136521815411379, 0.2714865976285588, 0.03495010870560793, 0.0225872333664179, 0.042431558569672505, 0.004779210766128116, 0.0048792302963643576 ],
		[ 0.6791504428508434, 0.07014252835072694, 0.20634603722534717, 0.02090552036757585, 0.016184185345003457, 0.0021804918704790544, 0.0006400070748125178, 0.004450786915211664 ],
		[ 0.04133783574605282, 0.19351158556941675, 0.011256736290245586, 0.6963451838223806, 0.02492056144328501, 0.01676714500428109, 0.01059423722759774, 0.005266714896740432 ],
		[ 0.0816858912444964, 0.021903625437621286, 0.17557469376497709, 0.14444268242028843, 0.47848674250120377, 0.028726238921208305, 0.04940033193618873, 0.01977979377401591 ],
		[ 0.08376263639251004, 0.06951798541234842, 0.2917828228944424, 0.09242341717195347, 0.14393381106082645, 0.2557466392070193, 0.016053040542726785, 0.046779647318173065 ],
		[ 0.008227519964422954, 0.09320428455241182, 0.02490964994386527, 0.004871482038644371, 0.07391331357090783, 0.5800629909412564, 0.00690556485852071, 0.20790519412997074 ],
		[ 0.0005982109829613882, 0.030654303906135133, 0.003090323219486728, 0.001535513738100618, 0.005914686089475507, 0.011975749100266195, 0.163975841908896, 0.7822553710546784 ],
		[ 3.5836926005472633e-06, 0.007413505230201747, 0.015553139033076991, 0.00452609173544871, 0.23405946662288013, 0.06210918638581722, 0.7476517656851294, -0.07131673838515462 ]
	],
"activityUserData_0": [
		[ 0.481366074218397, 0.13478205790720488, 0.19038547122578534, 0.18016449013494634, 0.010747645737138864, 0.03133721336357398, -0.028782952587046343 ],
		[ 0.3842396268983515, 0.06781377325572185, 0.26480122205926215, 0.09918525850715827, 0.03328348905782599, 0.16193501128900867, -0.011258381067328321 ],
		[ 0.0759999029103341, 0.12973211616996924, 0.5011904275449862, 0.16491410779895038, 0.12481828723135285, 0.01665494200234972, -0.013309783657942536 ],
		[ 0.0279020041279424, 0.2995909064731069, 0.031702595005519335, 0.1653856856961508, 0.45759805099552875, 0.017530191673598667, 0.00029056602815312124 ],
		[ 0.013092251930040039, 0.17045409505659015, 0.010499297145217707, 0.2370269189373382, 0.2626854712839487, 0.1823277707545997, 0.12391419489226554 ],
		[ 0.024280503433364145, 0.15502252837771865, 0.006593036051361651, 0.0001381126984400015, 0.09675929298345924, 0.22947938520813682, 0.4877271412475195 ],
		[ -0.0068803635184291265, 0.04260452275968826, -0.005172049032132371, 0.15318542622701595, 0.014107762710745611, 0.3607354857087324, 0.4414192151443792 ]
	],
"activityUserData_1": [
		[ 0.07285735298996338, 0.85609822400711, 0.014642733507402694, 0.036450517680491935, 0.00785211447325338, 0.012099057341778562 ],
		[ 0.3488755406851134, 0.1378116465641617, 0.04652887915026615, 0.044352096750396856, 0.27603407479435954, 0.14639776205570237 ],
		[ 0.26570551531171316, 0.011576652472078449, 0.032207514384251755, 0.028075875923433444, 0.4359672249477583, 0.226467216960765 ],
		[ 0.17893526571581164, 0.02955787316076391, 0.1056949985027548, 0.10015802131891471, 0.07917920996631689, 0.5064746313354381 ],
		[ 0.04729393900508423, 0.007011057194895328, 0.4052592449400676, 0.5036476767867547, 0.013691888156395993, 0.023096193916802066 ],
		[ 0.08633238629231414, -0.04205545339900939, 0.3956666295152571, 0.2873158115400084, 0.18727548766191582, 0.08546513838951386 ]
	],
"activityUserData_2": [
		[ 0.896648688522758, 0.09556463475151586, 0.00303676297200016, 0.00474991375372595 ],
		[ 0.014666852251228267, 0.44863397185153975, 0.13504188426128236, 0.40165729163594965 ],
		[ 0.06046211274396267, 0.14284674227204655, 0.1911133366561056, 0.6055778083278852 ],
		[ 0.028222346482051033, 0.31295465112489784, 0.6708080161106118, -0.011985013717560777 ]
	],
"activityUserData_3": [
		[ 0.635065374928756, 0.21600531292099184, 0.10717857846281646, 0.00028694903357082135, 0.016099383199327626, 0.025364401454537215 ],
		[ 0.1575963121364182, 0.542263492446736, 0.22442674420653888, 0.02533504988474816, 0.019075766896335725, 0.031302634429223014 ],
		[ 0.02509610675301294, 0.07696006362047596, 0.20566191069914525, 0.5526490529443892, 0.09063480346779497, 0.04899806251518178 ],
		[ 0.16935794984741678, 0.06955340607985953, 0.03811076520701506, 0.18934882448925106, 0.3494520207630792, 0.1841770336133784 ],
		[ 0.001991111330211782, 0.05047493319995329, 0.17218028133046293, 0.18796997418798633, 0.4599416458442041, 0.1274420541071815 ],
		[ 0.010893145004184267, 0.04474279173198342, 0.2524417200940215, 0.044410149460054504, 0.06479637982925851, 0.5827158138804982 ]
	],
"activityUserData_4": [
		[ 0.36004026674497586, 0.47761172659554574, 0.11197738208528768, 0.049412601595927634, 0.013658043485780534, 0.001624168423345394, 0.014993033088689309, -0.02931722201955209 ],
		[ 0.2737642708519845, 0.25133427658055696, 0.37097374763239893, 0.03227954817815816, 0.03437699063895962, 0.00407874260108378, 0.014177901924694541, 0.0190145215921635 ],
		[ 0.18142998029823018, 0.15177281357903258, 0.1974293937274014, 0.27605538646605704, 0.18150149918551903, 0.006716579897268583, 0.00609111455731054, -0.0009967677108194302 ],
		[ 0.16529556502172207, 0.037545416730444474, 0.04991103843472594, 0.4561793759585867, 0.04463777600281384, 0.06368371499204656, 0.0023972241277500474, 0.18034988873191038 ],
		[ 0.0027583181004392082, 0.04987076683088905, 0.22755279052770316, 0.03465705077429234, 0.1297240120625502, 0.04438566192330168, 0.537859836089726, -0.026808436308901618 ],
		[ 0.005104012809672256, 0.03524200401100627, 0.04700394501452666, 0.08762201600078684, 0.25966514594065293, 0.4777542654277484, 0.09618030474979637, -0.00857169395418965 ],
		[ 0.004162339483440924, 0.0006192252042938919, 0.011306983177821193, 0.052723275555095504, 0.037051002999889435, 0.3925350481432048, 0.08662251469821339, 0.414979610738041 ],
		[ 0.007445246689535041, -0.00399622953176897, -0.016155280599864888, 0.011070745471095829, 0.29938552968383453, 0.009221818592000885, 0.2416780707638199, 0.4513500989313478 ]
	],
"activityUserData_5": [
		[ 0.29912008909805965, 0.63912648578231, 0.003729064353030121, 0.05802436076660021 ],
		[ 0.13751564281190742, 0.215922332740496, 0.303691884569815, 0.3428701398777816 ],
		[ 0.32704211935137284, 0.11920119968720258, 0.2744485643730624, 0.2793081165883622 ],
		[ 0.2363221487386601, 0.02574998178999141, 0.4181304867040925, 0.319797382767256 ]
	],
"activityUserData_6": [
		[ 0.5280343134049672, 0.23746232293327335, 0.1295111488680335, 0.0888104864072804, 0.019687488525649895, 0.0347762422194675, 0.0034546462973242603, 0.013413545207090583, -0.055150193863086686 ],
		[ 0.27311401602221913, 0.18999434879587346, 0.5174052400150371, 0.0031431080682221557, 0.0036097606144196237, 0.010852846724325405, 0.005979889254529756, 0.00903661251086433, -0.01313582200549104 ],
		[ 0.1914896923730665, 0.3413158847919035, 0.14133399817435696, 0.19117931196231353, 0.09876935975664006, 0.009561144806384932, 0.013109136015637493, 0.0023299215329116063, 0.010911550586785496 ],
		[ 0.019671757930827552, 0.08833241729996961, 0.1346636394700438, 0.17666898360007155, 0.36647125951926135, 0.13793122006200145, 0.014518707293997055, 0.0031519854117458487, 0.058590029412081766 ],
		[ 0.0043295388088980084, 0.07332397545779207, 0.04096803208393205, 0.13253776128617087, 0.0947195092951075, 0.5339661451800004, 0.07074904741352003, 0.011666463171957882, 0.03773952730262109 ],
		[ 0.0007753382551426353, 0.008467446739051407, 0.02197838410536149, 0.2599456469527174, 0.23165216564714938, 0.3277653908475594, 0.10070334128908759, 0.01774868779871892, 0.030963598365211776 ],
		[ 0.0036871405209577615, 7.504949501352387e-05, 0.0012905159764408378, 0.0644991585008092, 0.05268292762908359, 0.007571005097884572, 0.5277189723746738, 0.3025198692408514, 0.03995536116428544 ],
		[ 0.012354606351592422, 0.0037939525670662917, 0.006894986778839718, 0.08235744285069133, 0.06325662334526577, 0.00047802784392904883, 0.064151292353134, 0.31463780984207806, 0.4520752580674034 ],
		[ -0.033456403667671226, 0.0572346019200568, 0.0059540545279545614, 0.0008581003717235691, 0.06915090566742282, -0.0629020227815527, 0.19961496770809606, 0.3254951052837814, 0.43805069097018895 ]
	],
"activityUserData_7": [
		[ 0.10844923247860525, 0.512299096778328, 0.27151766692397056, 0.03383684540898673, 0.014059068847940316, 0.05431346395049297, 0.009655521728061806, -0.004130896116385625 ],
		[ 0.6664750186951202, 0.06375803803248548, 0.19095658504538277, 0.03352964440238626, 0.02669808755944736, 0.02682688238432617, 0.0014787108534531747, -0.009722966972601364 ],
		[ 0.05793924839705654, 0.19349333676060573, 0.00823143282399324, 0.7036236470981173, 0.025725340254042148, 0.0045958014640551555, 0.010630411254837137, -0.004239218052707255 ],
		[ 0.06870223709377458, 0.02155746377161616, 0.17511738334630175, 0.14409655129115587, 0.4693370516986968, 0.020879635345208012, 0.06470644967232553, 0.035603227780921315 ],
		[ 0.07578526087711218, 0.0681020888837321, 0.2828578753827992, 0.09054879624834995, 0.15802959282894807, 0.265952343830378, 0.014211613357532243, 0.04451242859114828 ],
		[ 0.009603932394458722, 0.09010641194384043, 0.02170358259687604, 0.02012010114045896, 0.08282775203045609, 0.5635393644675509, 0.017297671108261584, 0.1948011843180974 ],
		[ 0.009490410086272461, 0.03648179769435026, 0.0292759441138338, 0.006008502226804241, 0.006711910139890947, 0.020401634515542513, 0.1572567306073877, 0.7343730706159179 ],
		[ 0.003554659977600067, 0.01420176613504185, 0.020339529766842758, -0.03176408781625927, 0.21661119664057826, 0.04349087404244627, 0.7247628914181408, 0.00880316983560947 ]
	]
}