{
"user": "user_2",
"user_info": {
	"json_timestamp":"2019-09-26 13:31:48.083259",
	"json_timestamp_epoch":"1569497508083.31",
	"json_timestamp_epoch_info":"json_timestamp_epoch is the time in milliseconds since the epoch as a floating point number. Epoch is designed to be January 1, 1970, 00:00:00 (UTC)"
},
"modelUserData_0": [
		[ 0.6368341723341342, 0.008775030658977834, 0.09655863543242577, 0.010424272874348097, 0.16103885563861026, 0.04350730531190243, 0.01734256626560248, 0.02551916148399893 ],
		[ 0.2759003133433154, 0.2566960447880796, 0.005204986157468061, 0.36553076941670276, 0.041833916377429316, 0.03103786154199579, 0.020838273607037022, 0.002957834767972109 ],
		[ 0.06294338092131704, 0.1867391800871973, 0.21313498221686886, 0.22908206068684056, 0.30265817044729293, 8.33816838969103e-05, 0.0017827461211671637, 0.003576097835419282 ],
		[ 0.004519570662593167, 0.0033398806298542264, 0.3143546983952832, 0.008476429463459504, 0.2874322362850121, 0.18802444555007305, 0.07714674759600952, 0.1167059914177153 ],
		[ 0.019622470176433857, 0.390278928969063, 0.29972454832449946, 0.15914255659838017, 0.03238131870249381, 0.05201888211556755, 0.0276946892514312, 0.019136605862130975 ],
		[ 1.1786298030993134e-05, 0.08585988498194351, 0.06162481589112113, 0.0007826363312027012, 0.06603075723730112, 0.07861683975796978, 0.18085005394782075, 0.5262232255546101 ],
		[ 0.00010581266175398648, 0.024079779263537007, 0.003360969981815675, 0.13728754758639844, 0.016725420554975085, 0.4197312406942715, 0.11889358816619576, 0.2798156410910526 ],
		[ 6.249360242137106e-05, 0.044231270621347574, 0.006036363600517841, 0.0892737270426677, 0.0918993247568855, 0.18698004334432305, 0.5554513350447362, 0.026065441987100813 ]
	],
"modelUserData_1": [
		[ 0.8229580981252571, 0.011108916599656413, 0.029804160405022654, 0.004076205804122674, 0.10557862016904654, 0.019602460504426173, 0.00415616619162419, 0.00271537220084425 ],
		[ 0.1615367916792256, 0.5453912712617646, 0.0015640441285998362, 0.14011574783563174, 0.0028170197799320305, 0.09537707181619691, 0.04647724978108085, 0.006720803717568419 ],
		[ 0.00356745231397628, 0.44266056865755166, 0.04009969011459794, 0.10661765204143812, 0.1290627930503358, 0.0032737014683868206, 0.06687628644117266, 0.20784185591254073 ],
		[ 0.006536453196059649, 0.0008144229707134802, 0.7719147049955337, 0.19643813070603844, 0.003461322374806533, 0.008668455064213699, 0.005085976567361251, 0.00708053412527326 ],
		[ 0.002663315388056042, 2.1917392056830062e-05, 0.13221314494843778, 0.4714038217761819, 0.2333972144028316, 0.00999566399423039, 0.03751120552350774, 0.11279371657469776 ],
		[ 0.0013305438550160185, 2.1449171044571723e-06, 0.017940996925505843, 0.06512851357046319, 0.010568514353967719, 0.16614375393507863, 0.6714441328330402, 0.06744139960982387 ],
		[ 0.0005432014737522439, 6.967133134616255e-07, 0.0027277814305723186, 0.0009779367548690746, 0.2749504216344299, 0.0032780612665866122, 0.023710574430562993, 0.6938113262959134 ],
		[ 0.0008641439686570527, 6.14878391450887e-08, 0.0037354770517300006, 0.015241991511254807, 0.24016409423464985, 0.6936608319508809, 0.14473840823165032, -0.09840500843666167 ]
	],
"modelUserData_2": [
		[ 0.6668997325544497, 0.3179284555394349, 0.009292677544054962, 0.005715161219616192, 0.000139176775589213, 2.4796366855072956e-05 ],
		[ 0.11624097019439393, 0.5964518326616534, 0.05549493463101459, 0.09618428072071235, 0.11966374199319417, 0.015964239799031568 ],
		[ 0.19839779774071098, 0.08140694374269528, 0.6685695561356985, 0.014164912643061849, 0.030179344483418268, 0.007281445254415139 ],
		[ 0.007222697756369484, 0.0019344754350182256, 0.15426329484710746, 0.5046788895339788, 0.2638176286060832, 0.06808301382144283 ],
		[ 0.007761858507954886, 0.00013610747472289487, 0.038149438807510594, 0.011516427239355927, 0.030587433031611645, 0.911848734938844 ],
		[ 0.0034769432461210304, 0.0021421851464754164, 0.07423009803461392, 0.3677403286432748, 0.5556126751101036, -0.0032022301805885167 ]
	],
"modelUserData_3": [
		[ 0.8668109447900656, 0.09108631394157399, 0.002198929113564204, 0.00670290790736759, 0.029332452192344417, 0.003868452055084206 ],
		[ 0.08469784094496556, 0.41475923875011766, 0.21351225132985724, 0.02361493376089985, 0.22472944645372378, 0.038686288760435894 ],
		[ 0.033961472965376646, 0.09262470889157125, 0.5320390661423161, 0.14497868540953168, 0.1393598550886854, 0.05703621150251889 ],
		[ 0.012524760075294645, 0.06140025535166932, 0.0384551479300125, 0.17981014698737496, 0.4521690198099972, 0.2556406698456514 ],
		[ 0.0015417885490482694, 0.1141379152777988, 0.11466198053934265, 0.4117305388005793, 0.033813025026161035, 0.32411475180706995 ],
		[ 0.0004631926752492828, 0.22599156778726898, 0.09913262494490721, 0.23316278713424665, 0.12059620142908825, 0.32065362602923964 ]
	],
"modelUserData_4": [
		[ 0.4075660888635245, 0.18795978380443598, 0.14238847682206604, 0.26208565050997346 ],
		[ 0.4813001285509779, 0.4178519472576282, 0.03689174301002514, 0.06395618118136874 ],
		[ 0.04620724496829329, 0.09107319388968882, 0.619770081506416, 0.24294947963560187 ],
		[ 0.06492653761720427, 0.303115075048247, 0.20094969866149281, 0.431008688673056 ]
	],
"modelUserData_5": [
		[ 0.26280977962994423, 0.4535375863580846, 0.268355415537567, 0.0033696293315449008, 0.011927589142859282 ],
		[ 0.39415289880706555, 0.19937244428201417, 0.26966022142389234, 0.12174295279235976, 0.015071482694668223 ],
		[ 0.05066530329742036, 0.15430682507272914, 0.3726490586212225, 0.09294475131062703, 0.32943406169800094 ],
		[ 0.10585389408039035, 0.10753953363711613, 0.031159186589881135, 0.030504179987174074, 0.7249432057054384 ],
		[ 0.1865181241851795, 0.08524361065005595, 0.058176117827437104, 0.7514384865782942, -0.08137633924096677 ]
	],
"activityUserData_0": [
		[ 0.6377556295252284, 0.013160444808677566, 0.09010151856060593, 0.007735643253040004, 0.17201247398001945, 0.05533062800239952, 0.012404416141178917, 0.011499245728850263 ],
		[ 0.2671040375726559, 0.2375197167841632, 0.018237515193230153, 0.3703349428247257, 0.0405844145869559, 0.02148663928833222, 0.02276796958405779, 0.02196476416587922 ],
		[ 0.06234619513006943, 0.19605031848273363, 0.2060292464825287, 0.2334289220171341, 0.3077726688523471, 0.01762136655466196, 0.004535401217105942, -0.027784118736580887 ],
		[ 0.005278876146584031, 0.006782751549356297, 0.2948314336992711, 0.007059761372224581, 0.29643034323826417, 0.18940784348401604, 0.06912468607922612, 0.1310843044310577 ],
		[ 0.014620835963892055, 0.3891249654642058, 0.30134899360069584, 0.16182338982358713, 0.03511623995129257, 0.050523303498671124, 0.02092819670020177, 0.02651407499745367 ],
		[ 0.013982571475040529, 0.06567163298114022, 0.07624849370038339, 0.011698867255747892, 0.04204572312361767, 0.08343541185127144, 0.19242338415214774, 0.5144939154606512 ],
		[ 0.01129521157358242, 0.04435956234702708, 0.024087328714647815, 0.13167515738395685, 0.004277956134368471, 0.41318020434390945, 0.12128294149099256, 0.24984163801151543 ],
		[ -0.012383357387052698, 0.047330607582696194, -0.01088452995136292, 0.07624331606958376, 0.10176018013313455, 0.16901460297673832, 0.5565330046350891, 0.07238617594117353 ]
	],
"activityUserData_1": [
		[ 0.8107860822078454, 0.024887091592029287, 0.03479411638116116, 0.013561798555785503, 0.1064819453812781, 0.003510403863539128, 0.005368414760470062, 0.0006101472578913508 ],
		[ 0.15670840597852648, 0.5478974944959909, 0.015542787264420637, 0.13021039451321273, 0.011461983030597336, 0.09903954818904243, 0.06661604479177897, -0.027476658263569445 ],
		[ 0.01429565646213215, 0.44068508758993885, 0.045707811972986824, 0.11531020555654736, 0.12996310404403222, 0.004570923679994447, 0.06032405544354386, 0.18914315525082426 ],
		[ 0.019462640739641855, 0.0022540365251758074, 0.7698198040504751, 0.19602362624727626, 0.010633628945189419, 0.0327336680368002, 0.004501768856854535, -0.03542917340141328 ],
		[ 0.005495279526838427, 0.006931993972922858, 0.1399518673827669, 0.471750421434469, 0.21593874841169985, 0.004303543261108423, 0.02744291988784289, 0.1281852261223516 ],
		[ 0.005901473898176591, 0.013781724783041986, 0.011608222871360267, 0.05118340475081971, 0.015494997919855076, 0.16897681683515503, 0.6736876473571112, 0.05936571158448012 ],
		[ 0.0033330083388978726, 0.009575647738082173, 0.0023960428940969043, 0.0119855256124525, 0.2847087094795328, 0.018196982978881747, 0.03901967003460528, 0.6307844129234508 ],
		[ -0.0159825471520588, -0.04601307669718186, -0.019820652817267734, 0.009974623329436988, 0.2253168827878152, 0.6686681131554786, 0.1230394788677933, 0.054817178525984556 ]
	],
"activityUserData_2": [
		[ 0.6736574404736594, 0.32235913868692795, 0.0012329211085938627, 0.00528236008183655, 0.0001774173843961118, -0.002709277735413859 ],
		[ 0.11965658257086621, 0.5922455651958506, 0.07115874293802549, 0.08192719724721642, 0.11509910787214961, 0.019912804175891696 ],
		[ 0.2148908939805087, 0.0709048115035869, 0.6740561297992358, 0.004854826146126111, 0.012529846539644243, 0.022763492030898246 ],
		[ 0.020119324208737004, 0.0076631728809502045, 0.15998108068636666, 0.508639689525757, 0.2723367152301286, 0.03126001746806062 ],
		[ 0.0028724392654870213, 0.01050760542178459, 0.03673037991101215, 0.0012133204811061674, 0.027146326591720966, 0.9215299283288891 ],
		[ -0.031196680499258313, -0.003680293689100292, 0.05684074555676606, 0.39808260651795774, 0.5727105863819604, 0.0072430357316741745 ]
	],
"activityUserData_3": [
		[ 0.8686676418172266, 0.09074241797533358, 0.0038007485168666424, 0.005063275806279044, 0.014827107874263898, 0.016898808010030283 ],
		[ 0.08193147715307314, 0.4070562166924348, 0.21938465330872065, 0.0013265896182979853, 0.22515448983989153, 0.06514657338758187 ],
		[ 0.04648102816743492, 0.08833647409769019, 0.5396683408481028, 0.1493450454502067, 0.1297213722266308, 0.04644773920993461 ],
		[ 0.024516097835280068, 0.06825927952103683, 0.05179640793707737, 0.1762983947740293, 0.45868288880589525, 0.22044693112668112 ],
		[ 0.021786754141107256, 0.09922591341711319, 0.10527905326700046, 0.4080307372418127, 0.03142585169010391, 0.3342516902428625 ],
		[ -0.04338299911412194, 0.2463796982963915, 0.08007079612223217, 0.2599359571093742, 0.1401882895632146, 0.3168082580229096 ]
	],
"activityUserData_4": [
		[ 0.3979641155827875, 0.1987462206887403, 0.12581851016298684, 0.27747115356548535 ],
		[ 0.47670283672099584, 0.4045719557711451, 0.03534089359311664, 0.0833843139147425 ],
		[ 0.03242055505972143, 0.08771430038589566, 0.5973588124512832, 0.2825063321030997 ],
		[ 0.09291249263649518, 0.308967523154219, 0.2414817837926133, 0.3566382004166724 ]
	],
"activityUserData_5": [
		[ 0.26369639998915395, 0.4585304630210465, 0.27348837828509387, 0.015414625883440166, -0.011129867178734484 ],
		[ 0.3813243404267239, 0.19971647133627124, 0.28072363327373134, 0.11010677261545157, 0.02812878234782193 ],
		[ 0.044548719172661504, 0.15440642179346672, 0.3679723139310534, 0.08765873650471862, 0.3454138085980998 ],
		[ 0.11405440098437084, 0.10615064218937527, 0.037296039802156025, 0.04243926926862326, 0.7000596477554746 ],
		[ 0.19637613942708979, 0.08119600165984027, 0.040519634707965366, 0.7443805957277665, -0.06247237152266172 ]
	]
}