{
"user": "user_2",
"user_info": {
	"active":false,
	"json_timestamp":"2019-10-13 18:39:06.927413",
	"json_timestamp_epoch":"1570984746927.4358",
	"json_timestamp_epoch_info":"json_timestamp_epoch is the time in milliseconds since the epoch as a floating point number. Epoch is designed to be January 1, 1970, 00:00:00 (UTC)"
},
"modelUserData_0": [
		[ 0.7516073026728952, 0.03771548367340796, 0.09702625396434952, 0.037148562309213075, 0.04823014261113496, 0.02827225476899927 ],
		[ 0.15084141002847656, 0.6932318916172373, 0.15460306366240623, 0.0012375932672613987, 1.798449118763085e-05, 6.805693343093063e-05 ],
		[ 0.02112552377898988, 0.159747261967445, 0.4433962537616091, 0.0446614736474149, 0.18932891645340152, 0.1417405703911395 ],
		[ 0.05756619150506144, 0.005197392176491917, 0.2861203880320852, 0.3198135548749654, 0.2834291650676343, 0.04787330834376158 ],
		[ 0.0027033994650055267, 0.09106530866212022, 0.014926501117175849, 0.16393326360272184, 0.47404181796827527, 0.2533297091847012 ],
		[ 0.016156172549571374, 0.013042661903297642, 0.003927539462374131, 0.4332055522984234, 0.004951973408366228, 0.5287161003779675 ]
	],
"modelUserData_1": [
		[ 0.6249217816123697, 0.06777221933605805, 0.21767108460980314, 0.08963491444176916 ],
		[ 0.23654034145561387, 0.10329025953350016, 0.5061502394797147, 0.1540191595311713 ],
		[ 0.09917051285348649, 0.16268242995865315, 0.19424818918163783, 0.5438988680062224 ],
		[ 0.039367364078529976, 0.6662550911717887, 0.08193048672884434, 0.21244705802083708 ]
	],
"modelUserData_2": [
		[ 0.7836432497905151, 0.05720739597764835, 0.06346100337769288, 0.057203146224406726, 0.023595119396293163, 0.005342950628698004, 0.009547134604745744 ],
		[ 0.07550649012397151, 0.5688378659240708, 0.003664395441784801, 0.006069314256530968, 0.07691362544059414, 0.1979511706789999, 0.07105713813404788 ],
		[ 0.09698247249229726, 0.224402644250107, 0.6564353198409704, 0.012229666019821912, 0.006426182395004569, 0.003448672223270239, 7.50427785285836e-05 ],
		[ 0.02601860295453175, 0.10895352788633128, 0.07883824274280149, 0.3567177351248338, 0.2246884179414422, 0.04934252315051914, 0.15544095019954035 ],
		[ 0.016410824652426215, 0.027118799730085547, 0.14780145963241975, 0.23139022151706748, 0.008869544115382976, 0.4355968363031682, 0.13281231404944988 ],
		[ 0.0010607834635275029, 0.009196875409143043, 0.031855757414629114, 0.12177198229426782, 0.4962850849511791, 0.058569061651538676, 0.2812604548157148 ],
		[ 0.00037757652273062454, 0.004282890822613964, 0.017943821549701623, 0.21461793456307127, 0.16322202576010386, 0.24974878536380574, 0.3498069654179726 ]
	],
"modelUserData_3": [
		[ 0.3741653220278168, 0.45597755107432364, 0.1505495158080644, 0.0030188599629242504, 0.016288751126870896 ],
		[ 0.18526194497663798, 0.4369788870511145, 0.06789277777989325, 0.2506795776569894, 0.0591868125353649 ],
		[ 0.08363630899730443, 0.021080062846760075, 0.28246778587189086, 0.38081523371266873, 0.2320006085713759 ],
		[ 0.23588025811596391, 0.036322162589365194, 0.05106854757896996, 0.0442816275809164, 0.6324474041347846 ],
		[ 0.12105616588227686, 0.04964133643843666, 0.44802137296118155, 0.32120470108650123, 0.060076423631603704 ]
	],
"modelUserData_4": [
		[ 0.6937554260951159, 0.0832739056022938, 0.09373854966361567, 0.036344588328191686, 0.027942275101524146, 0.023565928132706124, 0.041379327076552716 ],
		[ 0.08077357752544592, 0.38618908052481904, 0.15009153238425252, 0.14434402368885235, 0.12979130697529526, 0.018685598687464333, 0.09012488021387058 ],
		[ 0.1750151367962448, 0.19282792923960743, 0.5422070929707256, 0.07499731507687542, 0.011321337104718335, 0.0023726057184193052, 0.0012585830934091226 ],
		[ 0.006812012906319101, 0.1579765846325876, 0.0016803755168328025, 0.08997633992808375, 0.6161160657344982, 0.09174006766021388, 0.03569855362146483 ],
		[ 0.03833924726502819, 0.15910414323081062, 0.20260368910374024, 0.008352810677569125, 0.13490546171604248, 0.04448775293397268, 0.4122068950728367 ],
		[ 0.0012870324155170101, 0.012867103912454303, 0.00861555816296059, 0.3684134119892661, 0.07346863052462056, 0.5333238044113473, 0.0020244585838342655 ],
		[ 0.004017566996329103, 0.007761252857427231, 0.0010632021978726428, 0.2775715103111616, 0.0064549228433009725, 0.28582424245587634, 0.4173073023380319 ]
	],
"modelUserData_5": [
		[ 0.8020649179509899, 0.16273850367204598, 0.014778239688819705, 0.00293421118814725, 0.017484127499997178 ],
		[ 0.018435833019737845, 0.3930324669584247, 0.2314142254793892, 0.11103606887964575, 0.24608140566280262 ],
		[ 0.08511358794016465, 0.15411672650298103, 0.5187045823900613, 0.23585089154073272, 0.0062142116260602565 ],
		[ 0.09264987170583397, 0.145340051842032, 0.13562618941716736, 0.5234104182062409, 0.10297346882872582 ],
		[ 0.0017357893832736643, 0.14477225102451627, 0.09947676302456238, 0.12676841018523333, 0.6272467863824142 ]
	],
"modelUserData_6": [
		[ 0.42642857519336985, 0.21735733469485638, 0.3233970322117634, 0.024761801021659886, 0.0070286654467666245, 0.00020866068279948888, 0.0007154165960995086, 0.00010251415268481927 ],
		[ 0.3248428256370645, 0.4025706983375389, 0.198652495312468, 0.04539305993198199, 0.011106794420777121, 0.005034919902605986, 0.011900783952258803, 0.0004984225053046316 ],
		[ 0.1727008830375633, 0.28071920673733597, 0.330931389370121, 0.2039892570617561, 0.006666903485560558, 0.004634959224565919, 0.00022847750956486135, 0.00012892357353220719 ],
		[ 0.04319032009285906, 0.04840202164738265, 0.09782679372008231, 0.17956086652199876, 0.10215210929140482, 0.3582708726346288, 0.05545089642249256, 0.11514611966915106 ],
		[ 0.032800178352234796, 0.024565865050834065, 0.01216459377413758, 0.22918543004187647, 0.6985785940361177, 9.246937023385276e-05, 0.0010479966330509752, 0.0015648727415145626 ],
		[ 5.783645628054684e-06, 0.022576932314435885, 0.03313732285779291, 0.17318611338936235, 0.049426624177901855, 0.11383605927009127, 0.5528825303008149, 0.054948634043972655 ],
		[ 2.561186852897728e-05, 0.0027734649687501333, 0.003631167490577849, 0.1369201593725522, 0.0844616544588178, 0.34645854715306135, 0.09131921640375426, 0.33441017828395736 ],
		[ 5.822172751434756e-06, 0.0010344762488659989, 0.0002592052630569475, 0.007003312658812266, 0.04057865468265358, 0.17146351176201347, 0.286454682181964, 0.4932003350298827 ]
	],
"modelUserData_7": [
		[ 0.793184968425112, 0.19178529758792548, 0.01182840250739108, 4.366354499010707e-05, 0.00048319794891523376, 4.329435105452481e-05, 0.0008797278578759694, 0.0016987209416099846, 5.2726835125628925e-05 ],
		[ 0.12248450422611469, 0.23575816807221336, 0.2424225068703774, 0.22081806599661546, 0.05923107131044493, 0.0416459235386168, 0.019747768362463513, 0.016217999031312054, 0.0416739925918418 ],
		[ 0.024895565558998838, 0.06424460482272099, 0.048213780862125216, 0.6597388929024522, 0.1264356216413083, 0.04111488300991952, 0.016776214539578654, 0.012845062247351144, 0.005735374415545041 ],
		[ 0.0485428917654429, 0.00862732231297915, 0.4599338492628656, 0.03597854623414533, 0.05372163626934057, 0.3313561773445371, 0.04095109236448568, 0.015797634021051, 0.005090850425152678 ],
		[ 0.003330569070799696, 0.10769691678150682, 0.05128441208050735, 0.06608190474202562, 0.18777805919707033, 0.4529709627359877, 0.01654224421993264, 0.006308360459315668, 0.1080065707128542 ],
		[ 0.0035067420752766644, 0.1520860733196274, 0.14797990036999753, 0.0007049358689996236, 0.09570804602801661, 0.10070690777325986, 0.22639617490016917, 0.03965318523897084, 0.23325803442568221 ],
		[ 0.0005420591652980603, 0.1511856443429945, 0.013053045951181981, 0.004434846530263421, 0.2888470113672039, 0.010160601529176194, 0.2515102935655621, 0.2358094375801069, 0.044457059968213 ],
		[ 0.0011195151457894662, 0.02666131827810899, 0.009097204617556174, 0.008951975763959997, 0.028196140529672595, 0.0017499152181907358, 0.3191444644050971, 0.3393307206910937, 0.2657487453505313 ],
		[ 0.0023931845671676883, 0.061954654481923256, 0.0161868974779977, 0.003247168416548223, 0.15959921570802746, 0.02025133449925748, 0.1080520197848352, 0.33233887978918875, 0.2959766452750542 ]
	],
"modelUserData_8": [
		[ 0.6459127649209927, 0.05713195519404276, 0.260193560268183, 0.0034460737364617896, 0.02339975068513124, 0.008211949048826564, 0.0006191252779367711, 0.001084820868425177 ],
		[ 0.2514018112459797, 0.1394922473190755, 0.39751751372134353, 0.12843448588990783, 0.07686559224999925, 0.004756275936589315, 0.0013627974531625214, 0.00016927618394233803 ],
		[ 0.01516967704686449, 0.49117775209337816, 0.27988493257590424, 0.0727724760369605, 0.0889447770490597, 0.03131018009247406, 0.003220648033437453, 0.017519557071921404 ],
		[ 0.06582443080524092, 0.2974531724261179, 0.011081963925819836, 0.04755667605404007, 0.4137029991263279, 0.022023349089006983, 0.0880359762708476, 0.05432143230259881 ],
		[ 0.01940890226224754, 0.002213916315415492, 0.0031677959581302125, 0.06332808231186064, 0.3552003288539826, 0.40104614104185665, 0.08701720891663489, 0.06861762433987206 ],
		[ 0.0002810461280873904, 0.004160369255980357, 0.00469127373604608, 0.289135958297354, 0.022293284153427285, 0.27343589843500754, 0.11672319043085305, 0.2892789795632444 ],
		[ 0.00033354936125689884, 0.0048850351486621636, 0.019841007416460485, 0.29518382051288594, 0.004136519287423755, 0.029069193208790776, 0.07754256539452441, 0.5690083096699957 ],
		[ 0.0016678182293303517, 0.003485552247327623, 0.02362195239811253, 0.1001424271605294, 0.015456748594648307, 0.23014701314744804, 0.6254784882226034, 0.0 ]
	],
"activityUserData_0": [
		[ 0.7537907043491262, 0.02931026698752577, 0.10290856547775959, 0.05056562592987604, 0.04698624681941358, 0.016438590436298826 ],
		[ 0.1312420139389927, 0.6996750709479873, 0.1584305365175402, 0.008307302607618531, 0.0007214121327704759, 0.0031428960057074845 ],
		[ 0.008652509444928883, 0.15672992992803328, 0.43587554373103665, 0.04211016475552, 0.17281912440936875, 0.18381272773111246 ],
		[ 0.06885506591213687, 0.017900687216260598, 0.29255406145087043, 0.3250050478379117, 0.2885861723402142, 0.007098965242606323 ],
		[ 0.005944552970079166, 0.08505933353814378, 0.010231292822793074, 0.1482313999611973, 0.49088704429823304, 0.2596463764095537 ],
		[ 0.03151515338473616, 0.011324711382049275, 0.0, 0.4257804589078766, 0.0, 0.5298604441747213 ]
	],
"activityUserData_1": [
		[ 0.6454328844011056, 0.05480415124112304, 0.2078571534123696, 0.09190581094540179 ],
		[ 0.23900229290124836, 0.11179227282173208, 0.5140484071059159, 0.13515702717110356 ],
		[ 0.11556482269764605, 0.16059107801051178, 0.1911112666703591, 0.5327328326214831 ],
		[ 0.0, 0.6728124979266331, 0.08698317281135531, 0.24020432926201152 ]
	],
"activityUserData_2": [
		[ 0.7881334717077344, 0.05202531087154124, 0.06746499867507226, 0.06227356408102413, 0.021116158316876986, 0.003022479649840799, 0.005964016697910199 ],
		[ 0.06735836114725383, 0.5626635776811252, 0.0030017776339988076, 0.017773718660179915, 0.08120977780469489, 0.19497261758584916, 0.07302016948689821 ],
		[ 0.08852425375061675, 0.22451880201975571, 0.6624906014599312, 0.006723367186871712, 0.0062270828072494375, 0.005551876077665052, 0.005964016697910199 ],
		[ 0.0306098280849009, 0.10845680444232585, 0.07718490261421097, 0.3560918003029848, 0.22212928386203792, 0.04553211907509752, 0.159995261618442 ],
		[ 0.025430189482064446, 0.049848838459733466, 0.14437939843822048, 0.2166207878457836, 0.008546686577789113, 0.44157727573565425, 0.11359682346075473 ],
		[ 0.00263857285372302, 0.0024866665255185386, 0.021317729666241916, 0.11141851662833115, 0.49338246167019445, 0.04497409132334988, 0.32378196133264103 ],
		[ 0.0, 0.0, 0.024160591512324404, 0.22909824529482467, 0.16738854896115726, 0.2643695405525434, 0.31498307367915024 ]
	],
"activityUserData_3": [
		[ 0.36901552040536395, 0.45529764868154615, 0.15098526510731486, 0.02470156580577498, 0.0 ],
		[ 0.18320726449608346, 0.43140383552468137, 0.05870934137107258, 0.2432374704029337, 0.08344208820522886 ],
		[ 0.09140091722491418, 0.0259133961484957, 0.2728376921025083, 0.3999532062142903, 0.20989478830979147 ],
		[ 0.23644233373806603, 0.05634469316845368, 0.05528068580862505, 0.03832247648894184, 0.6136098107959134 ],
		[ 0.11993396413557231, 0.03104042647682316, 0.4621870156104792, 0.29378528108805924, 0.09305331268906625 ]
	],
"activityUserData_4": [
		[ 0.6925849761456327, 0.10653162917039655, 0.08996159385568728, 0.04192288489338713, 0.031204798500409442, 0.009424241350399517, 0.028369876084087326 ],
		[ 0.07523141215465748, 0.3843317880018381, 0.14229900410521093, 0.13755019029031712, 0.12923348849280716, 0.011170990335870264, 0.12018312661929893 ],
		[ 0.16218445316515814, 0.1856324423629242, 0.5452865942024345, 0.08607130759137263, 0.0009619664870820343, 0.01718858083884314, 0.0026746553521853405 ],
		[ 0.004387633098327795, 0.15826640263336048, 0.004458217878896581, 0.08378771034191207, 0.6050107690512047, 0.09998873212219231, 0.04410053487410605 ],
		[ 0.05261820982427255, 0.16045125655375747, 0.19754768356570057, 0.016618372651990204, 0.1390324059751966, 0.05246977376021971, 0.3812622976688629 ],
		[ 0.007267101265518388, 0.004786481277723104, 0.0038299437392881677, 0.367130170611606, 0.07490503414413151, 0.5197101617080098, 0.022371107253722978 ],
		[ 0.005726214346432898, 0.0, 0.016616962652782, 0.2669193636194148, 0.01965153734916862, 0.2900475198844654, 0.40103840214773656 ]
	],
"activityUserData_5": [
		[ 0.8042757694399263, 0.15265740121527666, 0.016054797349770653, 0.00122551702430861, 0.025786514970717756 ],
		[ 0.025138282555466483, 0.3889628379462892, 0.2466331768357329, 0.11819702004966254, 0.22106868261284887 ],
		[ 0.0881186034083444, 0.15047917522330517, 0.5164374532517509, 0.23685640091479743, 0.008108367201802157 ],
		[ 0.08246734459626279, 0.14410203511425287, 0.1353608835632135, 0.5272603596947752, 0.1108093770314956 ],
		[ 0.0, 0.16379855050087613, 0.08551368899953196, 0.11646070231645611, 0.6342270581831356 ]
	],
"activityUserData_6": [
		[ 0.4156830117940766, 0.21217538721045698, 0.31203146429886347, 0.020570272177830938, 0.023588889501502536, 0.0018574407087338296, 0.010787405640613696, 0.0033061286679219788 ],
		[ 0.3238976372286049, 0.4216968473682743, 0.20207360043540507, 0.03669505456912983, 0.0019272533705570367, 0.003509231664235237, 0.006894246695871805, 0.0033061286679219788 ],
		[ 0.17741024233464434, 0.27042490555262416, 0.32777315899003084, 0.2045188247133395, 0.005622363728021567, 0.00918397623699094, 0.0017603997764265738, 0.0033061286679219788 ],
		[ 0.029548974719964413, 0.04916107443927365, 0.0768408547890693, 0.16858485265874534, 0.11528507757968927, 0.3814569925740417, 0.058208528775193794, 0.12091364446402242 ],
		[ 0.03388343780682779, 0.005820780761760617, 0.002500221133568602, 0.23122267669085167, 0.7139815229421135, 0.0036162749823233425, 0.005668957014632423, 0.0033061286679219788 ],
		[ 0.013749086649944233, 0.015885850284528526, 0.011585972076586369, 0.18926518639474668, 0.05993941264462026, 0.10957772602222575, 0.5616334368083101, 0.038363329119038135 ],
		[ 0.005827609465937831, 0.008160831040161019, 0.014721333157931471, 0.12256774482810603, 0.06691158050412989, 0.35881250934306286, 0.09640417734972793, 0.326594214310943 ],
		[ 0.0, 0.01667432334292081, 0.052473395118544874, 0.02657538796725006, 0.012743899729366048, 0.1319858484683862, 0.25864284793922376, 0.5009042974343085 ]
	],
"activityUserData_7": [
		[ 0.7903790773450888, 0.18632293160204463, 0.007920756151248336, 0.001490412846030044, 0.0018296154185615087, 0.0049793349971549924, 0.0015958444902217836, 0.0008789927670739459, 0.007505138061845704 ],
		[ 0.12938340676066135, 0.2566537143015863, 0.24504658748800281, 0.2080910746241767, 0.0669763638756842, 0.037110898862194576, 0.011394976606560654, 0.021645726709273283, 0.023697250771860093 ],
		[ 0.03400762463831628, 0.06977263230510522, 0.033963766049739955, 0.6561761024169445, 0.12265787993631021, 0.0373436751449038, 0.007777712981555569, 0.013784844606261237, 0.024515761920863327 ],
		[ 0.043225078676955006, 0.003906386166052477, 0.45793064014034446, 0.03933056371939508, 0.049542689159380864, 0.32865048791520046, 0.04310392033586797, 0.003962322756381554, 0.030347911130422192 ],
		[ 0.0012527196952912094, 0.12239146127768742, 0.048602091673374065, 0.060231032222591546, 0.19037837504176583, 0.47562711864038865, 0.027262113947489328, 0.019564182884756837, 0.05469090461665515 ],
		[ 0.0034324462579816972, 0.14932168064721962, 0.15426707164711095, 0.0003977747491719943, 0.10232222733419151, 0.1029682160567829, 0.2227443286929678, 0.03436750984946928, 0.23017874476510414 ],
		[ 0.0012878555594255364, 0.15830961745881142, 0.025077531994635603, 0.019881823489005288, 0.293239578259668, 0.0082143299808278, 0.2467626030543282, 0.23486206275426916, 0.012364597449029005 ],
		[ 0.001117905095012868, 0.020014472871610272, 0.001123005868954384, 0.014401215932684893, 0.03772729407003175, 0.005105938402546851, 0.3092682810125632, 0.3387732262591906, 0.2724686604874051 ],
		[ 0.0, 0.033307103369882705, 0.02606854898658946, 0.0, 0.1353259769044062, 0.0, 0.13009021887844552, 0.33216113141332426, 0.34014491676808256 ]
	],
"activityUserData_8": [
		[ 0.6428328466402493, 0.045153510246079026, 0.2592423126899208, 0.0013504196091324253, 0.023407321807815136, 0.014195325913135855, 0.013818263093667469, 0.0 ],
		[ 0.2442159567813717, 0.14392679094810218, 0.3922812495942471, 0.12433111710946379, 0.07551972649548283, 0.005006129213350957, 0.014616501328989158, 0.00010252852899237698 ],
		[ 0.014372182996505023, 0.48960733355982444, 0.27677489994857746, 0.07675784962474555, 0.08112009057013575, 0.026803716119896053, 0.03456392718031579, 0.0 ],
		[ 0.08335402991673513, 0.3063831921229027, 0.01769422455978579, 0.045007550960477455, 0.4103598432613586, 0.02585040784456291, 0.10433991173392226, 0.00701083960025517 ],
		[ 0.0008647673041126715, 0.0028635001770932426, 0.0101064643361957, 0.06589900960986785, 0.3443086717940875, 0.4074174704501309, 0.10688812187394067, 0.06165199445457149 ],
		[ 0.008003414849356946, 0.014911221614999897, 0.005253120888042934, 0.3045029499108408, 0.004802443411697686, 0.27656383879830093, 0.12308204744664639, 0.2628809630801143 ],
		[ 0.0063568015116692135, 0.005071759110770358, 0.038647727983230296, 0.30118539517646065, 0.006347512837272373, 0.03443720625086282, 0.08361177399819127, 0.5243418231315429 ],
		[ 0.0, 0.0, 0.0, 0.08096570799901148, 0.05413438982215013, 0.2097259054097595, 0.5111621455645552, 0.14401185120452353 ]
	]
}