{
"user": "user_3",
"user_info": {
	"active":true,
	"json_timestamp":"2019-10-23 21:28:42.820739",
	"json_timestamp_epoch":"1571858922820.772",
	"json_timestamp_epoch_info":"json_timestamp_epoch is the time in milliseconds since the epoch as a floating point number. Epoch is designed to be January 1, 1970, 00:00:00 (UTC)"
},
"modelUserData_0": [
		[ 0.27787747385775374, 0.245389833529735, 0.02057903272767887, 0.15688460873194401, 0.29926905115288843 ],
		[ 0.5131537941161691, 0.41161861499346375, 0.0557738133801545, 0.01565670641695167, 0.003797071093260957 ],
		[ 0.034050299555451, 0.052605052891945364, 0.7431961504818432, 0.06713732239139489, 0.10301117467936552 ],
		[ 0.1639924264353246, 0.10505350491109745, 0.09358738437718372, 0.043443981201909086, 0.5939227030744851 ],
		[ 0.010926006035301528, 0.18533299367375844, 0.08686361903313966, 0.7168773812578002, 0.0 ]
	],
"modelUserData_1": [
		[ 0.10659165108702318, 0.19446918884093248, 0.3881845476679073, 0.3107546124041371 ],
		[ 0.038810679915071894, 0.6215773474173645, 0.1611412790599508, 0.1784706936076128 ],
		[ 0.774239294018663, 0.11922014787728291, 0.026364295319250785, 0.08017626278480332 ],
		[ 0.08035837497924192, 0.06473331586442016, 0.4243098779528911, 0.4305984312034467 ]
	],
"modelUserData_2": [
		[ 0.6513950130646671, 0.1365755637954426, 0.09335481374912827, 0.0365069892468248, 0.06337624383479781, 0.0024167476945883663, 0.012233595051204024, 0.0030023840605524006, 0.0011386495027946443 ],
		[ 0.21484924195617575, 0.3288100237647375, 0.09946849236015583, 0.1437020775622442, 0.19038380086697543, 0.0007522111637791652, 0.018450947251105822, 0.00031702998424923314, 0.003266175090577109 ],
		[ 2.0729917000976764e-05, 0.2762682861312562, 0.5080861689022799, 0.06897613272264182, 0.05557448379957711, 0.00038486581537027506, 0.07249230627976662, 0.004927925869743779, 0.01326910056236338 ],
		[ 0.04294355205819882, 0.1496094487340315, 0.17367148062138696, 0.05221057892251407, 0.5666344288223111, 0.00303687865062329, 0.0016328996135124012, 0.009891756268234977, 0.0003689763091869417 ],
		[ 0.07928437767899794, 0.08060070264326831, 0.06914340661120738, 0.2436358164399405, 0.06674634769726065, 0.29147201307997095, 0.10824660967744082, 0.04333437291096805, 0.01753635326094531 ],
		[ 0.004470263554183556, 0.027952533992914513, 0.00017370471114013192, 0.43546293312058143, 0.03183521588135451, 0.08592733971135376, 0.2002709444027571, 0.06858982867576284, 0.1453172359499521 ],
		[ 0.0010215510189453612, 0.00017934465748196615, 0.035150255709278516, 0.004013752480999389, 0.01476004356618158, 0.4636716681315509, 0.4094427751393407, 0.0006377829517975768, 0.07112282634442395 ],
		[ 0.0058223348203055225, 1.013004299115348e-06, 0.01170473552390247, 0.004633277022769262, 0.0023738895038789704, 0.017447848755968838, 0.15598282651758208, 0.30594852672752165, 0.4960855481237721 ],
		[ 0.00019293593152500902, 3.0832765681605503e-06, 0.009246941811520568, 0.010858442481484503, 0.008315546027662978, 0.13489042699679443, 0.02124709606729039, 0.5633503925511694, 0.2518951348559845 ]
	],
"modelUserData_3": [
		[ 0.9082403139748815, 0.06661536474912352, 0.019118636531728125, 0.0021242328397353743, 0.0006429021795483532, 0.001498116292203859, 0.0017604334327792908 ],
		[ 0.03039040236429847, 0.8088421183466115, 0.03978064308267263, 0.08300453732097762, 0.012573859793025124, 0.011377702137020131, 0.014030736955394574 ],
		[ 0.03712857089980495, 0.010760796676758706, 0.7094653577532121, 0.14181228169140148, 0.03811682892513293, 0.0209752779358806, 0.04174088611780934 ],
		[ 0.004554028758905698, 0.002321443587440152, 0.22456648518778205, 0.700419600715632, 0.03742740274684554, 0.007918008890806892, 0.022793030112587764 ],
		[ 0.005684276206609931, 0.08130283942404666, 0.0024161316649773403, 0.02645440688035735, 0.8524625562410527, 0.028516820863190375, 0.0031629687197655444 ],
		[ 0.013014544899754227, 0.014606637435403688, 0.0028515511076641817, 0.04537723678077365, 0.005155290494981332, 0.6851417938340503, 0.23385294544737267 ],
		[ 0.0009878628957452479, 0.015550799780615774, 0.0018011946719636925, 0.0008077037711224228, 0.05362115961941403, 0.24457228004684783, 0.6826589992142909 ]
	],
"modelUserData_4": [
		[ 0.6187747712803379, 0.09337874369004874, 0.19981463480669445, 0.058880663974638425, 0.0018333906612593139, 0.0252981141980058, 0.002019681389015416 ],
		[ 0.11191352761703288, 0.6416427065403874, 0.07379281358269041, 0.06935964725816056, 0.008466402110501184, 0.09034427718701114, 0.00448062570421647 ],
		[ 0.2670780990923388, 0.2567520199291748, 0.08996885975665618, 0.0817260774620912, 0.20088528236804878, 0.07300396774636018, 0.03058569364533003 ],
		[ 0.0017993092836517636, 0.006734483785600897, 0.6252705126820294, 0.302012409490025, 0.013399993625108837, 0.04848579325939879, 0.0022974978741852614 ],
		[ 0.000410361883813941, 0.001476974067863965, 0.00373084369683079, 0.018952949155302722, 0.2761809802921511, 0.14971978673922853, 0.5495281041648089 ],
		[ 2.027500035010046e-05, 3.663396527306083e-06, 1.5922700753887966e-05, 0.10453953330859299, 0.45873585356505053, 0.025596354806281273, 0.41108839722244384 ],
		[ 3.6558424746313355e-06, 1.1408590396961453e-05, 0.0074064127743449166, 0.36452871935118913, 0.04049809737788024, 0.5875517060637142, 0.0 ]
	],
"modelUserData_5": [
		[ 0.2545739404351778, 0.3162346813042166, 0.1251096357859195, 0.05313469573058908, 0.15002291107955829, 0.07421907961399718, 0.02670505605054156 ],
		[ 0.42846073092366693, 0.3259486521827504, 0.026821958203658784, 0.2097448936905632, 0.008918205027224268, 4.324043848348604e-05, 6.231953365288523e-05 ],
		[ 0.027591925469347432, 0.18821435167386621, 0.4947645631291876, 0.148512997023675, 0.13400916508497143, 0.0019608831343102865, 0.004946114484642045 ],
		[ 0.2282133822014454, 0.034592303645320094, 0.31625405049592487, 0.30315205032794157, 0.1036072544773779, 0.009772691566740316, 0.004408267285249906 ],
		[ 0.012354933937843616, 0.0065149354314513585, 0.035484966832677024, 0.022002745277724774, 0.17476169867546237, 0.13022795470444892, 0.6186527651403921 ],
		[ 0.037301555114162555, 0.12020795885579265, 0.0009007575556753835, 0.18797359994126078, 0.03622555459467479, 0.2721650964329121, 0.3452254775055217 ],
		[ 0.011503531918356298, 0.008287116906602707, 0.0006640679969569025, 0.07547901800824575, 0.392455211060731, 0.5116110541091077, 0.0 ]
	],
"modelUserData_6": [
		[ 0.7431495011745329, 0.17100852522696727, 0.08046795463357102, 0.0017892729561823995, 0.0035847460087463706 ],
		[ 0.20577400730903064, 0.3360939418090131, 0.4244624918547076, 0.014932110855074524, 0.018737448172174195 ],
		[ 0.018965724403220825, 0.4201199349786257, 0.3198167075779704, 0.06538811824121878, 0.17570951479896418 ],
		[ 0.020890501951638763, 0.038578701006783296, 0.06604070800320555, 0.23254654019083987, 0.6419435488475326 ],
		[ 0.011220265161576839, 0.03419889697861061, 0.1092121379305454, 0.6853439577566844, 0.16002474217258278 ]
	],
"modelUserData_7": [
		[ 0.3804078010731199, 0.035189921442882945, 0.5031151885577303, 0.0812870889262669 ],
		[ 0.3817692369678343, 0.28571223944437507, 0.08440487531149153, 0.24811364827629911 ],
		[ 0.22067395337003237, 0.5243290544689301, 0.15211135670758175, 0.1028856354534558 ],
		[ 0.017149008589013415, 0.15476878464381194, 0.2603685794231964, 0.5677136273439782 ]
	],
"activityUserData_0": [
		[ 0.2859698687655066, 0.2583585176701607, 0.029023667615024666, 0.16419632056134245, 0.26245162538796546 ],
		[ 0.5140450445972361, 0.4099771652135799, 0.0417430139817996, 0.015915919264483824, 0.018318856942900544 ],
		[ 0.039781566904462815, 0.051745271860231375, 0.7486224114041928, 0.08288981655825292, 0.07696093327286009 ],
		[ 0.16020351973279437, 0.09411995709388672, 0.09849540472029102, 0.037035537100334796, 0.610145581352693 ],
		[ 0.0, 0.1857990881621413, 0.08211550227869195, 0.699962406515586, 0.032123003043580844 ]
	],
"activityUserData_1": [
		[ 0.1344290398744915, 0.19400614096342966, 0.40219459404960345, 0.26937022511247544 ],
		[ 0.04728818229698589, 0.6190369323782277, 0.14088744338297557, 0.19278744194181083 ],
		[ 0.7928165542132537, 0.12505642217566035, 0.02933871842339838, 0.052788305187687574 ],
		[ 0.025466223615268957, 0.06190050448268228, 0.42757924414402265, 0.48505402775802614 ]
	],
"activityUserData_2": [
		[ 0.6501220024318761, 0.11932951495967639, 0.09355884690119942, 0.03594852562611474, 0.06335014789995043, 0.011797771900872504, 0.01846127376885921, 0.013712837547985874, 0.0 ],
		[ 0.2050436137624659, 0.3413720349431697, 0.109479306277887, 0.13060670378615058, 0.1885363931985981, 0.003314986180038025, 0.010189505118847053, 0.01145745673284364, 0.0 ],
		[ 0.006982303017902449, 0.2705205894575877, 0.4987243917764243, 0.06876890769855395, 0.055300867355986306, 0.005628413592447956, 0.07473113409155102, 0.019343393009546378, 0.0 ],
		[ 0.023896172871098454, 0.14011024974473257, 0.16024940174885288, 0.04393524707269712, 0.5662176681480428, 0.0035582540861739762, 0.003338532989659745, 0.02056127597002953, 0.03813319736871299 ],
		[ 0.08347744460849169, 0.07937348331596909, 0.05821799821159329, 0.24436619766219403, 0.053984381647215134, 0.3124414138886809, 0.11211170396123987, 0.05602737670461584, 0.0 ],
		[ 0.01424817457225078, 0.027176221844584878, 0.005133723348230153, 0.4451916227108967, 0.033524116925918404, 0.08002262008342366, 0.19908679149902733, 0.07734672322039225, 0.11827000579527579 ],
		[ 0.0016992956460210522, 0.007872160008988894, 0.034016089219121415, 0.017516378996486302, 0.01792712236609849, 0.4528499843201896, 0.41100653165861345, 0.017276933598059672, 0.03983550418642115 ],
		[ 0.011578472396425381, 0.014245745725290805, 0.04062024251669159, 0.013666416446906492, 0.012492623898861993, 0.014693354013143863, 0.15677083093401886, 0.3272486973320507, 0.40240269570007575 ],
		[ 0.0029525206934681806, 0.0, 0.0, 0.0, 0.008666678559328317, 0.11569320193502962, 0.014303695978183574, 0.4570253058844762, 0.40135859694951453 ]
	],
"activityUserData_3": [
		[ 0.8758805666088172, 0.07815000367622882, 0.011180786878277098, 0.010128704059614073, 0.011721692255289677, 0.006601394493641761, 0.00633685202813142 ],
		[ 0.022007148568089458, 0.8265270682140468, 0.04075000165877654, 0.09174525588563658, 0.002928064657441624, 0.009705608987877687, 0.00633685202813142 ],
		[ 0.03881761333169435, 0.013234676010194742, 0.706883180365374, 0.1536524783044483, 0.05256622954095292, 0.02850897041920418, 0.00633685202813142 ],
		[ 0.0008159049756848789, 0.003062848835535736, 0.21369739216778225, 0.6857821452903127, 0.03771610970657932, 0.013100405894777838, 0.04582519312932729 ],
		[ 0.012801453889857598, 0.08008214898463183, 0.0031269388064860256, 0.012556069967607601, 0.86094856519496, 0.017811119100194204, 0.01267370405626284 ],
		[ 0.005836736974528407, 0.005280106307493674, 0.00891377651551326, 0.04104982385064753, 0.01644943789456759, 0.6634075474499463, 0.25906257100730334 ],
		[ 0.04384057565132815, 0.0, 0.015447923607790705, 0.0050855226417332354, 0.017669900750208776, 0.2608649536543579, 0.657091123694581 ]
	],
"activityUserData_4": [
		[ 0.6153671751568061, 0.08684497874229213, 0.19523511267135243, 0.07253009624502521, 0.008240701119979444, 0.021781936064544663, 0.0 ],
		[ 0.10644203312599505, 0.6462165441684187, 0.06845603076313622, 0.05227969140908642, 0.015539863036898312, 0.10972813013829061, 0.0013377073581747473 ],
		[ 0.2649521076496883, 0.24744652654833976, 0.08555221037412429, 0.06619526821194323, 0.2036580961442619, 0.0775796524271234, 0.05461613864451903 ],
		[ 0.0036177520105794016, 0.003287209264848348, 0.6281320185120144, 0.2933120509514021, 0.01917216642086743, 0.052478802840288205, 0.0 ],
		[ 0.005319173472120461, 0.008550660127668301, 0.012717733806812234, 0.02798729348178339, 0.27374984793210705, 0.17371818532029057, 0.49795710585921804 ],
		[ 0.004301758584810673, 0.007654081148432721, 0.009906893872560326, 0.12287275504243791, 0.4536672348718013, 0.024915771525943174, 0.376681504954014 ],
		[ 0.0, 0.0, 0.0, 0.3648228446583217, 0.025972090474084553, 0.5397975216835192, 0.06940754318407416 ]
	],
"activityUserData_5": [
		[ 0.2770173053344764, 0.3177883838716795, 0.13633704691488133, 0.04767004342091847, 0.1437490380431576, 0.07743818241488677, 0.0 ],
		[ 0.4154336079766997, 0.34197665650166176, 0.022982121574422153, 0.2008820094833542, 0.005939181077426236, 0.012786423386436001, 0.0 ],
		[ 0.02297638909284363, 0.16921987466226077, 0.4914823597174109, 0.14647649066238802, 0.12605863008141285, 0.013946501725543351, 0.029839754058140606 ],
		[ 0.23788710951044048, 0.03194088568476338, 0.3101478685264446, 0.3065088518754542, 0.09472372694350287, 0.011536991261142675, 0.007254566198251899 ],
		[ 0.017075662260231654, 0.01398310400760129, 0.04218205332919411, 0.028786366034871322, 0.19329813733922566, 0.14313934196669442, 0.5615353350621816 ],
		[ 0.029609925825308227, 0.12509109527203335, 0.00023336005362271527, 0.18415688676674175, 0.023234809505892705, 0.2780349625691121, 0.3596389600072893 ],
		[ 0.0, 0.0, 0.0, 0.08551935175627207, 0.4129964770093821, 0.45975278656020907, 0.04173138467413656 ]
	],
"activityUserData_6": [
		[ 0.7502702052541773, 0.17615555227320737, 0.07130960633151125, 0.0009307672999522112, 0.0013338688411518621 ],
		[ 0.21653371831793763, 0.345226078881623, 0.4103521722797026, 0.012966604921685047, 0.014921425599051692 ],
		[ 0.007547587956408612, 0.4237693400026309, 0.33460177891542, 0.06049453080263129, 0.1735867623229092 ],
		[ 0.022191217178696734, 0.05037375897690731, 0.06566024830601977, 0.21599349734166698, 0.6457812781967092 ],
		[ 0.0034572712927797046, 0.004475269865631473, 0.11807619416734641, 0.7096145996340645, 0.16437666504017812 ]
	],
"activityUserData_7": [
		[ 0.3876975321328991, 0.039458966446803766, 0.4901083361048697, 0.08273516531542746 ],
		[ 0.3910528203877192, 0.2901181561081596, 0.07866443811076576, 0.24016458539335536 ],
		[ 0.21454869051626166, 0.5160707986231801, 0.14095754135157762, 0.12842296950898063 ],
		[ 0.006700956963120092, 0.15435207882185653, 0.29026968443278695, 0.5486772797822366 ]
	]
}