{
"user": "user_0",
"user_info": {
	"json_timestamp":"2019-09-26 12:01:16.703192",
	"json_timestamp_epoch":"1569492076703.2156",
	"json_timestamp_epoch_info":"json_timestamp_epoch is the time in milliseconds since the epoch as a floating point number. Epoch is designed to be January 1, 1970, 00:00:00 (UTC)"
},
"modelUserData_0": [
		[ 0.5204803377582148, 0.17378967869502682, 0.046281143611084416, 0.21142881354689286, 0.0016855767410744588, 0.01597813546022051, 0.021452124867937423, 0.00890418931954872 ],
		[ 0.2787541791617524, 0.4974954939330028, 0.07728954181879519, 0.03431495730752739, 0.07768569187402506, 0.013499620771605809, 0.016648949292011092, 0.004311565841280271 ],
		[ 0.008345995021827514, 0.29853105723767737, 0.45815479079318294, 0.1528471184021118, 0.07449515465474339, 0.0031804292643590943, 0.0030321769347291115, 0.0014132776913687666 ],
		[ 0.14654037152912147, 0.019589786783214425, 0.11215260390471682, 0.38945056039072096, 0.02248738171255232, 0.29486564308381863, 0.0025299567731627702, 0.012383695822692595 ],
		[ 0.036152052464777575, 0.009166274425919394, 0.17668501991427002, 0.08587564587487947, 0.19104443433562968, 0.05557579227661067, 0.12443076507969007, 0.321070015628223 ],
		[ 0.001705820911789932, 0.00010819913477156202, 0.12534110899436038, 0.05554496183380233, 0.5177759466202998, 0.1686821421764286, 0.03142042573725941, 0.09942139459128803 ],
		[ 0.003436225181350069, 0.0008535555226805901, 0.0015608475427586193, 0.06314406585793876, 0.06974661143831322, 0.11519539049328907, 0.4926200333984205, 0.2534432705652491 ],
		[ 0.004585017971166282, 0.00046595426770704867, 0.002534943420831632, 0.007393876786126283, 0.04507920262336203, 0.3330228464736674, 0.3078655679167895, 0.29905259054034944 ]
	],
"modelUserData_1": [
		[ 0.5300003244061068, 0.19119637253513075, 0.21952533347925465, 0.04760116066136372, 0.0003362139862158633, 0.009019160383756816, 0.0023214345481713927 ],
		[ 0.19483062566983766, 0.35631964892783824, 0.08962797427568267, 0.30754924421876917, 0.024312902723019537, 0.011855530255326903, 0.015504073929525844 ],
		[ 0.24219096458480865, 0.3924407587429076, 0.0944633559263798, 0.06383591641147512, 0.11765511847889652, 0.05682880767064242, 0.03258507818488993 ],
		[ 0.01493137857914107, 0.013543776539217357, 0.40543075503690273, 0.5232282148367849, 0.0008696406398541454, 0.006862665479665538, 0.035133568888434226 ],
		[ 0.0029029131218005376, 0.03176932204118836, 0.12607938969203808, 0.02563366699453173, 0.6312666984203132, 0.09045705906894064, 0.09189095066118746 ],
		[ 0.0023626908369114735, 0.0030145765621641916, 0.04862638715934117, 0.007159164562551045, 0.12435958559476258, 0.12243068496554207, 0.6920469103187274 ],
		[ 0.012781102801393817, 0.011715544651553448, 0.016246804430400913, 0.024992632314524213, 0.10119984015693805, 0.7025460921761255, 0.13051798346906374 ]
	],
"modelUserData_2": [
		[ 0.40954552496545205, 0.5394219036385326, 0.034984540290939704, 0.0016403417049619905, 0.00383403561067414, 0.0002307382915132321, 0.004773350233323477, 0.00010261695998383579, 0.005466948304618979 ],
		[ 0.16791482181858317, 0.3040650724802463, 0.38407344410947014, 0.11491483102709944, 0.005990510282401568, 0.016841963493617756, 0.003236953637584174, 0.0015177659329289439, 0.0014446372180685018 ],
		[ 0.22367026695497455, 0.12386381376012455, 0.286281525839129, 0.22069156542602197, 0.13468255642724544, 0.0019637037012883093, 0.007174859486995607, 0.0006880691828467045, 0.0009836392213737686 ],
		[ 0.029082342614735072, 0.029080762806563604, 0.28743940012297153, 0.07375507766818373, 0.34486808654228834, 0.013814878407948974, 0.07249466845843033, 0.014844030879327638, 0.13462075249955083 ],
		[ 0.07097962553098912, 0.00282124935127429, 0.0007976957310393105, 0.14514471113019897, 0.45518823427830285, 0.09541069186002088, 0.13930519397163793, 0.06632780670402265, 0.02402479144251403 ],
		[ 0.021039394586819478, 8.8076267466115e-05, 0.002216689001493078, 0.08328492850056779, 0.030581373340465498, 0.6692050601690477, 0.021530214419685022, 0.04958246807444511, 0.12247179564001023 ],
		[ 0.01863742458307736, 0.0006060000252488353, 4.698279318465167e-06, 0.335828132383282, 0.0028921709242443984, 0.16857396455236912, 0.43404806145112507, 0.024928823277704695, 0.014480724523630015 ],
		[ 0.015325394540058126, 3.7944482660878565e-05, 0.00032333215719432913, 0.012213040898470048, 0.00391454853063192, 0.0010027756311577433, 0.16023233199762107, 0.697708462350807, 0.10924216941139886 ],
		[ 0.043805204405311035, 1.5177187882852485e-05, 0.0038786744684443917, 0.012527371261213985, 0.018048484063745665, 0.032956223893036436, 0.15720436634359727, 0.1442999566379335, 0.5872645417388347 ]
	],
"activityUserData_0": [
		[ 0.5065693652014622, 0.1969845368286302, 0.0386973589366036, 0.208968431641801, 0.004965565129300303, 0.016212346401584705, 0.028575787380194624, -0.0009733915195766704 ],
		[ 0.288386276975695, 0.5012292508398389, 0.08691471735226658, 0.01874994211919065, 0.049750790589275826, 0.0019785436872991283, 0.02307833732965245, 0.029912141106781358 ],
		[ 0.0018752169419887325, 0.30212742823449046, 0.45412232202343794, 0.15955883958330122, 0.07918207193003393, 0.008449997503682987, 0.018564138683987128, -0.023880014900922446 ],
		[ 0.15641218530838646, 0.017031962871580836, 0.119273796721567, 0.3834804464239612, 0.02097276397452358, 0.3027889157966487, 0.006673338991774122, -0.006633410088441802 ],
		[ 0.03817482082985995, 0.010995127705684588, 0.17552020548287767, 0.0821028840147712, 0.16144468766963815, 0.06194946497311926, 0.1179120078665644, 0.3519008014574849 ],
		[ 0.0044609445428279325, 0.0062307947001098455, 0.13513984176525554, 0.059838059073441814, 0.530403057190082, 0.16965171941447377, 0.016492061466826413, 0.07778352184698262 ],
		[ 0.012316180638243343, 0.011699611919064084, 0.006992878463700623, 0.06705026576888523, 0.08029915960769701, 0.10696358179644555, 0.4922428161674273, 0.2224355056385367 ],
		[ -0.008194990438463664, -0.04629871309939901, -0.01666112074570895, 0.020251131374647707, 0.07298190390944931, 0.33200543042674585, 0.2964615121135736, 0.3494548464591552 ]
	],
"activityUserData_1": [
		[ 0.523810430539831, 0.18358913436496835, 0.21049097959148724, 0.03283312528622719, 0.004187382755135834, 0.022370687955889767, 0.022718259506460583 ],
		[ 0.19146770151545187, 0.3557741747892405, 0.07864381262868034, 0.3229843040070849, 0.022539011206269232, 0.00995460351230881, 0.018636392340964363 ],
		[ 0.23899233359759134, 0.4139614051693868, 0.09950811936094117, 0.046250860268511135, 0.12475791733109311, 0.07528430684034589, 0.001245057432130603 ],
		[ 0.001956651475337365, 0.02082921713034049, 0.4237145670807703, 0.5245126135902062, 0.002571187105958502, 0.0052537148254479865, 0.021162048791939184 ],
		[ 0.012732522435823023, 0.027776219354930562, 0.11769450842405077, 0.018342917398048105, 0.6350484511411194, 0.10210087801234109, 0.08630450323368714 ],
		[ 0.01001465812742396, 0.015527577603373338, 0.048579694687959994, 0.016300149067379394, 0.13735021920881998, 0.12774127771743038, 0.644486423587613 ],
		[ 0.021025702308541415, -0.017457728412240057, 0.021368318226110163, 0.03877603038254315, 0.07354583125160394, 0.6572945311362359, 0.20544731510720515 ]
	],
"activityUserData_2": [
		[ 0.41907005918208423, 0.5448561232279995, 0.05788348486957333, 0.0072296231933881025, 0.0031277193794691576, 0.017578761796136575, 0.0018317486226136848, 0.008527607444885791, -0.0601051277161503 ],
		[ 0.17054817243542345, 0.3194185951059695, 0.40276663373814264, 0.094701166373915, 0.013042909622189396, 0.02893242849316427, 0.0024285010915857416, 0.010151808153610603, -0.04199021501400055 ],
		[ 0.2003593608704348, 0.11793446373510988, 0.3005164375067253, 0.2358806371847324, 0.13121787304527993, 0.008778315571964351, 0.008688261627464342, 0.00015143943082084196, -0.003526788972531837 ],
		[ 0.038636029322011343, 0.03168062766889653, 0.2880437920991327, 0.08945132993104665, 0.3433854716985409, 0.016711247987617164, 0.08928728123484536, 0.0008961775014931662, 0.10190804255641604 ],
		[ 0.0799475903035635, 0.00908914836086898, 0.003615307752579884, 0.14031203769093975, 0.4635706975064483, 0.08032068166820068, 0.13024025171820616, 0.06538895876639611, 0.02751532623279665 ],
		[ 0.012584520653025205, 0.0017353658435341282, 0.0020208036587593225, 0.08637194434937764, 0.04754158483628727, 0.6642414460420255, 0.011959353485423744, 0.05206941912686451, 0.12147556200470265 ],
		[ 0.005096529097696659, 0.0030147391809433742, 0.0018654116735389089, 0.3361235206656479, 0.0036451407656742005, 0.1649717990853462, 0.425060098479948, 0.02695364822245446, 0.033269112828750204 ],
		[ 0.011830422750291385, 0.01855112263481577, 0.0016688711657825088, 0.00875728284119564, 0.0035358425507438715, 0.010293070284196749, 0.1610958720777195, 0.6844929519487285, 0.09977456374652616 ],
		[ 0.06192731538546951, -0.046280185758137624, -0.05838074246423452, 0.0011724577697568902, -0.009067239404633136, 0.008172249071348435, 0.16940863166219336, 0.15136798940474594, 0.7216795243334911 ]
	]
}