{
"user": "user_1",
"user_info": {
	"active":false,
	"json_timestamp":"2019-10-13 18:39:06.790052",
	"json_timestamp_epoch":"1570984746790.197",
	"json_timestamp_epoch_info":"json_timestamp_epoch is the time in milliseconds since the epoch as a floating point number. Epoch is designed to be January 1, 1970, 00:00:00 (UTC)"
},
"modelUserData_0": [
		[ 0.45053830729327615, 0.46226336597861944, 0.07922320900183724, 0.00019188291542691455, 0.007560806309617619, 2.587711971953798e-05, 0.000113565284645171, 8.298609685791886e-05 ],
		[ 0.5098140982591004, 0.16796666914082137, 0.27250519183490984, 0.012477571063839055, 0.02964079874756769, 0.0064535543407987115, 0.0007282340344808743, 0.000413882578482059 ],
		[ 0.019910896060975954, 0.22517299951720188, 0.46703699910923896, 0.06556325410686258, 0.16414554013138785, 0.017084970485769933, 0.03428118873737309, 0.006804151851189802 ],
		[ 0.015031051857018455, 0.13135315025320426, 0.10196438557140049, 0.06044345862710935, 0.5845878220793401, 0.0038791424003851095, 0.06572473372507773, 0.03701625548646445 ],
		[ 0.0011353378519396108, 0.0035701550217219474, 0.05021205977282291, 0.41890140664373204, 0.048250489754443925, 0.33840602724194, 0.058855998376129516, 0.0806685253372699 ],
		[ 0.0030061578799437465, 0.002559247500925623, 0.013302369438839669, 0.07334634190825534, 0.16263639979721037, 0.23941449962882902, 0.41412238507791926, 0.09161259876807701 ],
		[ 0.0004397904033707782, 0.005478729425111593, 0.004729389367241034, 0.014571732765390146, 0.00021979816053507013, 0.1482238538985408, 0.04293510609815175, 0.7834015998816588 ],
		[ 0.00012436039437490188, 0.0016356831623938264, 0.011026395903709883, 0.35450435196938457, 0.0029583450198973986, 0.24651207488401677, 0.3832387886662227, 0.0 ]
	],
"modelUserData_1": [
		[ 0.7288944782887827, 0.07476514593036403, 0.08986283809795997, 0.0796046941679203, 0.026872843514972947 ],
		[ 0.07653668326596737, 0.8079332902994891, 0.04104971693479203, 6.295843910564651e-05, 0.07441735106064579 ],
		[ 0.07848094693389153, 0.11414324905835797, 0.5969831541662157, 0.1657647231842942, 0.044627926657240635 ],
		[ 0.038743417584615435, 0.0030441549624702076, 0.1214889798759715, 0.3946887354013673, 0.44203471217557555 ],
		[ 0.07734447392674296, 0.0001141597493187073, 0.15061531092506075, 0.35987888880731256, 0.41204716659156493 ]
	],
"modelUserData_2": [
		[ 0.37899648436744626, 0.22601768092784194, 0.23558402287032873, 0.11257621207859557, 0.025033125958301112, 0.012304370067061693, 0.009488103730424725 ],
		[ 0.6185321679015818, 0.24502588394182723, 0.05958429991773063, 0.018291488864185152, 0.04693659554487812, 0.011096900693352504, 0.0005326631364445493 ],
		[ 0.0002918679438859438, 0.2391330424998968, 0.4123166889289688, 0.09073853475957884, 0.14049035067613444, 0.019272404040024043, 0.09775711115151121 ],
		[ 0.0015213508073268795, 0.031267595580360776, 0.2504754156616313, 0.014254664734461471, 0.15174397771792236, 0.3183024245432511, 0.23243457095504613 ],
		[ 0.0002790943467691718, 0.08227935201588488, 0.028480328060636526, 0.09121814501536475, 0.24822577682159372, 0.44143362846123235, 0.10808367527851855 ],
		[ 2.9628913558080697e-05, 0.11544673014343314, 0.00804746219869769, 0.08299909330030843, 0.22869542256938877, 0.013077787126559059, 0.5517038757480549 ],
		[ 0.00034940571943183106, 0.06082971489075524, 0.005511782362006343, 0.5899218612475057, 0.1588747507117814, 0.18451248506851936, 0.0 ]
	],
"modelUserData_3": [
		[ 0.983357185705751, 0.015899605434473885, 0.0005770092134307506, 6.014494727422127e-05, 0.00010605469907010783 ],
		[ 0.007764576317605353, 0.05969734546626531, 0.4404784860676671, 0.09390526349390654, 0.3981543286545558 ],
		[ 0.004484670150200343, 0.8695555072757497, 0.056434802104473845, 0.059874177718871796, 0.00965084275070427 ],
		[ 0.001436086006685181, 0.04683543576790443, 0.05705026574916077, 0.8204133520745538, 0.07426486040169589 ],
		[ 0.002957481819758086, 0.008012106055606719, 0.4454594368652675, 0.025747061765393653, 0.5178239134939739 ]
	],
"modelUserData_4": [
		[ 0.3212112869639203, 0.33038423428387964, 0.3096380386944197, 0.03876644005778035 ],
		[ 0.13306355292331254, 0.2825185548797104, 0.055868240947618594, 0.5285496512493586 ],
		[ 0.16526682818940885, 0.18222580874605243, 0.44517096188219546, 0.20733640118234326 ],
		[ 0.3804583319233583, 0.20487140209035754, 0.18932275847576624, 0.22534750751051785 ]
	],
"modelUserData_5": [
		[ 0.3736272415791253, 0.5019902520166135, 0.052970963667025535, 0.07141154273723566 ],
		[ 0.16590703681451197, 0.2847233577359088, 0.5202379011312208, 0.029131704318358542 ],
		[ 0.12220154898002168, 0.055724418746325215, 0.20584257690030058, 0.6162314553733526 ],
		[ 0.33826417262634106, 0.15756197150115248, 0.22094855830145302, 0.2832252975710532 ]
	],
"modelUserData_6": [
		[ 0.018629171315915016, 0.529118862477324, 0.24261822784922327, 0.17012597997661896, 0.030778455173751797, 0.0009213764763594985, 0.007807926730807477 ],
		[ 0.9540592539528147, 0.03390237976760566, 0.005812575330490857, 0.005577445895789914, 0.0004998803700972294, 3.8904802786990945e-06, 0.00014457420292298087 ],
		[ 0.019140335593972043, 0.11128702300996354, 0.6709064793795172, 0.19134815377632794, 0.005466713341439199, 0.0009171202493561435, 0.0009341746494240169 ],
		[ 0.00668210468515108, 0.23201287855032082, 0.07428232407955203, 0.5361125637924608, 0.11288168418866854, 0.026403074603022682, 0.011625370100824099 ],
		[ 0.0008354862048222831, 0.08305216804365372, 0.0024130708073132395, 0.08764940911177078, 0.4999891405245241, 0.15427104263733232, 0.1717896826705836 ],
		[ 0.0004893464126733397, 0.009836209364641604, 0.0008660823504446246, 0.006668228269153388, 0.09772895377011762, 0.07671290818753168, 0.8076982716454378 ],
		[ 0.00016430183465158097, 0.0007904787864906788, 0.003101240203458802, 0.002518219177878274, 0.2526551726314016, 0.7407705873661188, 0.0 ]
	],
"modelUserData_7": [
		[ 0.3575254894776314, 0.12490378411706998, 0.43018228570785116, 0.0392062803114005, 0.015839731374903316, 0.020920235285016815, 0.0023464571836639674, 0.008189254466528227, 0.0008864820759346796 ],
		[ 0.5132735471103845, 0.21449720806330808, 0.007859207199450957, 0.06563731836189964, 0.1726541242264229, 0.01686568124125474, 0.006179571274129399, 0.0010046713093955877, 0.0020286712137542106 ],
		[ 0.10349553469203586, 0.3851695131312355, 0.1207342466550521, 0.012720718551894872, 0.10395686679144733, 0.18033479818735126, 0.03693012712743391, 0.01558184389532719, 0.041076350968221945 ],
		[ 0.01728885850140869, 0.02376450887135516, 0.10823800332145977, 0.06828346676163573, 0.6838757338528506, 0.08342591373743778, 0.007700038391725524, 0.003804281877735687, 0.003619194684391027 ],
		[ 0.0067140099309756385, 0.20403117702176052, 0.19281534401998304, 0.19596278090410874, 0.015610428840861541, 0.010499571522465398, 0.04936828329165874, 0.2853636089606464, 0.03963479550754001 ],
		[ 7.064700589466905e-05, 0.021236941997559877, 0.00215354239724693, 0.6156976072385888, 0.004472180497684739, 0.20318180235637498, 0.06302346159437333, 0.002392011365092569, 0.08777180554718411 ],
		[ 0.0006001583749037073, 0.015120485030406578, 0.009322669876222225, 0.0005416418923316595, 0.001585408088338488, 0.4045907560081834, 0.4413421025889143, 0.008694232666943453, 0.11820254547375626 ],
		[ 0.0007783809484314377, 0.003104684745352375, 0.0718211016279832, 0.0008292148983134922, 8.297043779113689e-05, 0.0147285831437559, 0.2509151150144315, 0.15635132570325905, 0.501388623480682 ],
		[ 0.0002533739583340585, 0.008171697021951991, 0.056873599194750504, 0.0011209710798264897, 0.0019225558896998984, 0.06545265851815975, 0.1421948435336693, 0.5186187697550717, 0.2053915310485358 ]
	],
"modelUserData_8": [
		[ 0.8077791631925503, 0.047902805825713816, 0.021947325214366334, 0.010726103410711067, 0.05824974923384919, 0.04621089521758764, 0.0038023142774060658, 0.002842388402663878, 0.0005392552251517295 ],
		[ 0.09847967415321902, 0.11032381736089586, 0.19021722724361068, 0.1434040874411048, 0.33130235979598505, 0.006129738849345155, 0.045912084291646865, 0.04617534845631381, 0.02805566240787885 ],
		[ 0.022470695333579583, 0.5458578304936947, 0.3329476635310541, 0.02208053336274733, 0.05374617412765596, 0.011867746211558259, 0.008405610176499548, 0.0006321979430897691, 0.001991548820120701 ],
		[ 0.02575199660332973, 0.11297554448810555, 0.14282332276162513, 0.08640799279237213, 0.5058124384822912, 0.07610225967548474, 0.047467752707541076, 0.0006035172685735237, 0.0020551752206769886 ],
		[ 0.036196202441638826, 0.03743584029632786, 0.1866419597106117, 0.6520740958662444, 0.0428700306693258, 0.026570180275956732, 0.004497901130915331, 0.0017688384056086623, 0.0119449512033707 ],
		[ 0.0023182785408564807, 0.14090808269850677, 0.1216097374017742, 0.03768439224133364, 0.005123829003955307, 0.3947268513580584, 0.24499319627182295, 0.015802377655162018, 0.03683325482853014 ],
		[ 0.0006722512794007242, 0.001449845245673114, 0.0004949702942326187, 0.026157761057098848, 0.0019985296050458222, 0.14073339850457903, 0.4933214026759138, 0.0406446178377156, 0.29452722350034033 ],
		[ 0.0006091421535778237, 0.001106908649514984, 0.0018949316161990244, 0.017028616713940653, 0.00040095988639446113, 0.11179261749886593, 0.11043122474715007, 0.7227820306276059, 0.03395356810675121 ],
		[ 0.005722596301847533, 0.002039324941567376, 0.0014228622265261733, 0.004436417114447144, 0.0004959291954973358, 0.1858663124085641, 0.04116851372110435, 0.16874868340326676, 0.5900993606871794 ]
	],
"activityUserData_0": [
		[ 0.43262487440573494, 0.4546846556600335, 0.07219991974928179, 0.004545954739976968, 0.00180974814324106, 0.025827172738775776, 0.008307674562955947, 0.0 ],
		[ 0.5091022066063359, 0.14729426014893132, 0.25825926811141775, 0.013923531884074586, 0.030952834568191884, 0.014319577914192538, 0.02614832076685606, 0.0 ],
		[ 0.01958620668280813, 0.22810188043689125, 0.4605481623661725, 0.059011736999465575, 0.16546356416185828, 0.010530643354435099, 0.05675780599836921, 0.0 ],
		[ 0.015591270457543896, 0.13805290852999075, 0.10950748157166328, 0.05900877469273742, 0.5765501640622932, 0.006953288739951982, 0.06801007902495458, 0.02632603292086498 ],
		[ 0.006893794875663553, 0.011667820690141993, 0.04804018033534615, 0.4273137720304506, 0.046831723955758006, 0.3525179282232395, 0.08194632029776196, 0.024788459591638112 ],
		[ 0.0036238389179156292, 0.007521338813270922, 0.019686638728087454, 0.08493270367969144, 0.1607652139927998, 0.24529565007700954, 0.41254301938783755, 0.06563159640338778 ],
		[ 0.012577808053998028, 0.012677135720740215, 0.0111980807119368, 0.022430597974669716, 0.01762675111585784, 0.14561815556563634, 0.05637515062113229, 0.7214963202360287 ],
		[ 0.0, 0.0, 0.020560268426094187, 0.32883292799893377, 0.0, 0.1989375833867592, 0.2899116293401325, 0.1617575908480805 ]
	],
"activityUserData_1": [
		[ 0.7129243249487498, 0.09009110748068357, 0.09090708748873097, 0.08300787848347474, 0.023069601598360922 ],
		[ 0.07968706035692905, 0.8078499382321732, 0.03684223769998846, 0.00018474922049244277, 0.07543601449041677 ],
		[ 0.08074052071098257, 0.1045261540179071, 0.6025031569615262, 0.16943436506448875, 0.042795803245095285 ],
		[ 0.02375613643158198, 0.0018080234747257216, 0.11805646641707335, 0.4033403129045132, 0.45303906077210565 ],
		[ 0.10289195755175662, 0.0, 0.1516910514326809, 0.3440326943270309, 0.40138429668853176 ]
	],
"activityUserData_2": [
		[ 0.37043358102689594, 0.2275102948632407, 0.23687322471991032, 0.1288017892912629, 0.02753975286950282, 0.008841357229187382, 0.0 ],
		[ 0.6126129954530906, 0.24907804139059211, 0.059989305595494306, 0.0152191315936607, 0.04503215710173525, 0.008722070751878018, 0.00934629811354906 ],
		[ 0.005221886047472456, 0.24075053161930476, 0.42114167308322825, 0.07868026499065757, 0.15708493380389232, 0.024185029910652193, 0.07293568054479244 ],
		[ 7.596779664861223e-05, 0.03329827082554578, 0.2362460889283396, 0.019664782989515475, 0.14258935859215924, 0.3202570835406403, 0.24786844732715096 ],
		[ 0.005458828392758638, 0.07955786240368021, 0.007978593499954004, 0.10142509677645868, 0.24726284678789107, 0.4452141904150862, 0.11310258172417104 ],
		[ 0.006196741283133909, 0.13061228347348078, 0.006284362902263582, 0.09425697991248444, 0.24069751572802278, 0.010384326570748278, 0.5115677901298664 ],
		[ 0.0, 0.039192715424155644, 0.03148675127080999, 0.5619519544459602, 0.13979343511679646, 0.18239594158180764, 0.04517920216047011 ]
	],
"activityUserData_3": [
		[ 0.979791205423567, 0.016608708612640778, 0.003790946493962389, 0.002620285780198282, 0.003921996591014466 ],
		[ 0.00034576938927437066, 0.0816739328783152, 0.4485798432284874, 0.07861415223560991, 0.3907863022683131 ],
		[ 0.005004573211148648, 0.8528502290257483, 0.07500253457496428, 0.05359718534903721, 0.013545477839101618 ],
		[ 0.005552461168182421, 0.048867129483295704, 0.04558585757107995, 0.8176279350387972, 0.08236661673864479 ],
		[ 0.009305990807827545, 0.0, 0.427040818131506, 0.04754044159635751, 0.509379606562926 ]
	],
"activityUserData_4": [
		[ 0.3137679716022622, 0.3174708873364577, 0.29249093448164637, 0.07627020657963374 ],
		[ 0.14338202494012903, 0.287627920538141, 0.04592393165098918, 0.5230661228707408 ],
		[ 0.16374759198043423, 0.17710130212644323, 0.4398175498766573, 0.21933355601646526 ],
		[ 0.3791024114771745, 0.21779988999895808, 0.22176758399070712, 0.18133011453316022 ]
	],
"activityUserData_5": [
		[ 0.384313793663007, 0.5174250099279423, 0.047561179838000005, 0.05070001657105073 ],
		[ 0.15895909723608526, 0.2842351009572346, 0.5267166083436516, 0.03008919346302852 ],
		[ 0.11001732914492128, 0.05649524683969354, 0.22100366665149535, 0.6124837573638899 ],
		[ 0.34670977995598645, 0.1418446422751296, 0.204718545166853, 0.3067270326020308 ]
	],
"activityUserData_6": [
		[ 0.022140540738288354, 0.5323618139715143, 0.2462527548425902, 0.17122407920411645, 0.018428114526153894, 0.009592696717336872, 0.0 ],
		[ 0.9363444852791849, 0.037208396532340114, 0.000805317599882857, 0.01003315280119347, 0.0071268103004456206, 0.008481837486952939, 0.0 ],
		[ 0.01517833133195583, 0.10779609419007882, 0.674661785356087, 0.16964486682551652, 0.012794771624827252, 0.019924150671534576, 0.0 ],
		[ 0.00938559043629255, 0.23278400053076473, 0.06882094943733824, 0.5383956600746134, 0.12172187604110309, 0.02889192347988786, 0.0 ],
		[ 0.00844776593746692, 0.07839763055919205, 0.0031835436060611783, 0.08863768048889302, 0.4978259493393392, 0.17345908766608703, 0.15004834240296058 ],
		[ 0.008503286276811323, 0.011452064216110044, 0.006275649158040531, 0.02206456060566719, 0.09501248827533267, 0.0983725867219627, 0.7583193647460756 ],
		[ 0.0, 0.0, 0.0, 0.0, 0.24708998989279818, 0.6612777172562382, 0.09163229285096364 ]
	],
"activityUserData_7": [
		[ 0.35206297085194266, 0.13484183214369175, 0.4208727789775896, 0.03363646157914962, 0.017061949532281958, 0.012463128026443773, 0.013317211683800921, 0.01574366720509972, 0.0 ],
		[ 0.5115666805756197, 0.2095621922041428, 0.013314676618943453, 0.06733764891504013, 0.16658232858797822, 0.004655663543759144, 0.009896739926656125, 0.01708406962786034, 0.0 ],
		[ 0.10487074457331585, 0.38201022343628677, 0.12949498009894428, 0.012494610487360945, 0.10088566402582262, 0.17682242781086022, 0.04112424008408729, 0.02827874586758349, 0.024018363615738635 ],
		[ 0.014063008919899837, 0.021313306602980784, 0.08731279776584773, 0.06346989380335574, 0.6767740969070621, 0.0702999383446425, 0.0007816484022911711, 0.02098125734539549, 0.04500405190852457 ],
		[ 0.001215567103016177, 0.2122662806921308, 0.20058911642155597, 0.19935665792931814, 0.005419355936379682, 0.008056369196483065, 0.056363582494653126, 0.2919303753047636, 0.024802694921699397 ],
		[ 0.006174571998957167, 0.03297091510321697, 0.018055447304274858, 0.6118669354468781, 0.01470605443239152, 0.20221146652410132, 0.05668897042957066, 0.02155740729385097, 0.03576823146675839 ],
		[ 0.002259652427564706, 0.002385655118232067, 0.018511328998128955, 0.001042915374556027, 0.0002274648081030926, 0.3935955227319777, 0.446446367541348, 0.02242386412886584, 0.11310722887122367 ],
		[ 0.0077868035496838454, 0.004649594699318076, 0.07416998475450536, 0.010794876464341241, 0.01834308576998076, 0.01179165796170148, 0.2623888329358581, 0.15032702629016145, 0.4597481375744497 ],
		[ 0.0, 0.0, 0.037678889060209664, 0.0, 0.0, 0.12010382586003066, 0.1129924065017347, 0.43167358693641916, 0.29755129164160576 ]
	],
"activityUserData_8": [
		[ 0.8025527880317899, 0.04604075476114541, 0.02504366220132327, 0.011235897239461052, 0.05119212057593351, 0.032069560260538144, 0.004787892995695847, 0.01746660371326373, 0.009610720220849238 ],
		[ 0.11633953028245617, 0.0908937846815234, 0.18874062531205793, 0.1578765193472178, 0.32248799036397996, 0.013802392943689932, 0.044520123142013715, 0.05572831370621192, 0.009610720220849238 ],
		[ 0.023574525486840935, 0.5439021353348321, 0.3305893752441079, 0.020681275707438995, 0.0473269630827582, 0.01137307263959551, 0.010019168591478948, 0.002922763692098075, 0.009610720220849238 ],
		[ 0.014930917119618099, 0.1141536196285854, 0.14396335541324373, 0.07364334198483645, 0.5032937476215185, 0.06234403675640351, 0.05300599137399706, 0.014623366805403229, 0.020041623296394008 ],
		[ 0.023041160222316604, 0.05403244549308983, 0.17832514782884207, 0.6465927236826445, 0.0387727176137821, 0.018862945415759117, 0.010638398455805779, 0.007970202520959537, 0.021764258766800413 ],
		[ 0.010780968586931408, 0.14953956823965264, 0.1107262232633311, 0.04084053014075602, 0.01412071876400604, 0.39752098960252646, 0.23474407732000988, 0.024396094217150138, 0.01733082986563627 ],
		[ 0.00432239071928662, 0.002436917262264868, 0.0029024999589691413, 0.010134776162952046, 0.006719826565842614, 0.1474710822682252, 0.5110746170925045, 0.04687988116661214, 0.26805800880334313 ],
		[ 0.0044577195507603685, 0.002842714112166335, 0.019709110778124785, 0.03514551580225375, 0.005626183445168206, 0.10456661702123972, 0.1095735969442044, 0.7123097616384934, 0.0057687807075891065 ],
		[ 0.0, 0.0, 0.0, 0.003849419932439457, 0.010459731967010857, 0.21198930309202224, 0.021636134084289865, 0.11770301253980767, 0.6343623983844291 ]
	]
}