{
"user": "user_4",
"user_info": {
	"active":true,
	"json_timestamp":"2019-10-24 19:00:34.263038",
	"json_timestamp_epoch":"1571936434263.0579",
	"json_timestamp_epoch_info":"json_timestamp_epoch is the time in milliseconds since the epoch as a floating point number. Epoch is designed to be January 1, 1970, 00:00:00 (UTC)"
},
"modelUserData_0": [
		[ 0.6224040825085457, 0.10057902426252904, 2.8140899334079272e-05, 0.27698875232959114 ],
		[ 0.6827889688673803, 0.27069546961991553, 0.04533014890890609, 0.0011854126037981055 ],
		[ 0.5514188480881052, 0.20560423620471407, 0.13281303285403354, 0.11016388285314724 ],
		[ 0.546118308143344, 0.1235116812500256, 0.26171540872780746, 0.068654601878823 ]
	],
"modelUserData_1": [
		[ 0.3551921105790652, 0.0774154148414648, 0.14945635677663488, 0.3735883423276741, 0.044347775475161055 ],
		[ 0.043651960102552234, 0.07012837834019073, 0.7611119174386168, 0.04566312474790155, 0.07944461937073868 ],
		[ 0.2767880111044779, 0.5479223426812052, 0.02581087603661106, 0.11271897534825422, 0.03675979482945159 ],
		[ 0.5895287986442623, 0.21258359127427817, 0.10814390809681204, 0.01978437278834156, 0.0699593291963059 ],
		[ 0.43636819567573426, 0.09354832143618909, 0.08882388438270876, 0.14007019020462258, 0.2411894083007453 ]
	],
"modelUserData_2": [
		[ 0.6329393294594746, 0.20926142047713503, 0.09768692906272916, 0.05066914755348923, 0.0009229721587732669, 0.007578849651337132, 0.0004267624505141003, 5.988461713693121e-05, 0.00045470456941052833 ],
		[ 0.2985873060339137, 0.3738417348054274, 0.19915294177335888, 0.05973522887023794, 0.057594005459265706, 0.004615598974117282, 0.004335202132616278, 0.0006549219552173261, 0.0014830599958455186 ],
		[ 0.43889706662130523, 0.26001766180271735, 0.248924227653033, 0.000588067072430735, 0.034144741858316396, 0.005859697339823871, 0.008521289152430738, 0.0004485575752959023, 0.002598690924646793 ],
		[ 0.5762636158485717, 0.0018326511061440487, 0.27117556172799634, 0.09506884870290129, 0.032652317002980435, 0.011134557834301936, 0.004193320699788861, 0.00631858828184801, 0.001360538795467407 ],
		[ 0.5806517654197538, 0.023357389442023663, 0.2868808550381479, 0.036113775775968505, 0.034490635152619555, 0.020684529041939924, 0.007877711059254984, 0.0061734749925251966, 0.003769864077766448 ],
		[ 0.148763152046264, 0.2215115940401785, 0.4629206180590704, 0.1411608175397106, 0.014486634479189677, 0.0010263379748602583, 0.002015728458541016, 0.0009744909232893491, 0.007140626478896166 ],
		[ 0.15813678597275138, 0.12993573396790228, 0.44420167869488175, 0.008123468286176754, 0.14649167942975932, 0.043111184014586225, 0.01509105569640828, 0.006354284106585189, 0.048554129830948825 ],
		[ 0.8561095355736069, 0.011037930054369934, 0.05120375110562752, 0.022246874247094015, 0.027274557500334837, 0.019601730432727237, 0.004234724983736791, 0.00019511203279126411, 0.008095784069711492 ],
		[ 0.659573917507289, 0.25457751539403034, 0.03201900488631876, 0.02861813823348851, 0.013070522444865755, 0.009343606189157295, 0.00041106427724862504, 0.001178136402984037, 0.0012080946646176806 ]
	],
"modelUserData_3": [
		[ 0.7316006357863183, 0.009736126641589878, 0.06848424848836371, 0.1901789890837281 ],
		[ 0.31788918283521517, 0.4737031755809056, 0.0467568493933571, 0.16165079219052214 ],
		[ 0.22531314506916322, 0.305676897900806, 0.40790848021570614, 0.06110147681432465 ],
		[ 0.41664022200294226, 0.417500275405898, 0.09964365788004631, 0.06621584471111341 ]
	],
"modelUserData_4": [
		[ 0.3342552752183269, 0.12034719167791486, 0.08875980527149907, 0.33297653854062403, 0.09794233703267707, 0.012412134849943784, 0.0020351978258340347, 0.011271519583180272 ],
		[ 0.421686192025562, 0.5499913438989892, 0.011900671400760595, 0.014722979151514345, 0.0008506694158932955, 0.0004722961396493738, 0.00033376603286742497, 4.208193476377324e-05 ],
		[ 0.38200767515076883, 0.5698523238541048, 0.045780042658618715, 0.0011670792760466204, 0.0006533849354714271, 0.0001258467998719402, 0.00017441287329187502, 0.00023923445182580852 ],
		[ 0.9310495897788323, 0.03996651600543827, 0.022693698445911376, 0.00472727839398567, 0.0015513835171789062, 4.552205084649157e-06, 2.66073326890335e-06, 4.32092029988446e-06 ],
		[ 0.5721028831145195, 0.27439667461037465, 0.14228934479839989, 0.00027995363427958507, 0.010673521789999885, 5.887524582290145e-05, 3.1834638893013384e-05, 0.00016691216771057093 ],
		[ 0.10518137538823236, 0.47488692412810257, 0.39419027362593123, 0.0008503522222304448, 0.017542827061505267, 0.0029484437126018263, 0.002522780730270835, 0.001877023131125467 ],
		[ 0.917267947128763, 0.02613424860574166, 0.05240855010137603, 0.0031478788464131113, 0.0003569630479413363, 0.0004955909991179633, 4.809802225035048e-05, 0.0001407232483965157 ],
		[ 0.17172616189787648, 0.679914524659537, 0.03651499618141565, 0.09036357614733714, 0.01371820241079906, 0.0013753089195006332, 0.006191055800992854, 0.00019617398254122634 ]
	],
"modelUserData_5": [
		[ 0.1897997572598078, 0.2821224271077002, 0.22569006867976674, 0.1933659711869815, 0.10902177576574379 ],
		[ 0.9433517939779448, 0.054738233172413026, 0.0013194377761499506, 0.0004778605873169375, 0.00011267448617531154 ],
		[ 0.608124625561523, 0.18420266068778293, 0.10864531354534279, 0.06587804263469842, 0.033149357570652835 ],
		[ 0.1177926573760737, 0.29007003727423125, 0.10883434976769712, 0.2738639832029682, 0.2094389723790297 ],
		[ 0.09435020789901905, 0.7692493982781319, 0.04167110541451369, 0.044551208821840896, 0.05017807958649449 ]
	],
"activityUserData_0": [
		[ 0.6201008710073863, 0.10667857264402529, 0.010084978521924843, 0.2631355778266635 ],
		[ 0.675207418792075, 0.2766847454259356, 0.04769240964894817, 0.00041542613304123427 ],
		[ 0.54487000464519, 0.2010189853068103, 0.12888943280194826, 0.12522157724605149 ],
		[ 0.5331146552281938, 0.12129811365689218, 0.26723172946217066, 0.07835550165274335 ]
	],
"activityUserData_1": [
		[ 0.35135510204175946, 0.045087169330510206, 0.17452505421377118, 0.36715030534580156, 0.06188236906815764 ],
		[ 0.049390196133237016, 0.07214449922134969, 0.769159016781345, 0.05736229760596908, 0.05194399025809918 ],
		[ 0.2747950170949082, 0.5406095372878428, 0.02432385924634363, 0.10025377325669814, 0.06001781311420719 ],
		[ 0.5882589294503505, 0.19915223848890598, 0.11142410288265682, 0.0052405876978330115, 0.09592414148025366 ],
		[ 0.4316922727563774, 0.10191892764959841, 0.07915225568448217, 0.13537229761633807, 0.2518642462932039 ]
	],
"activityUserData_2": [
		[ 0.6223996488073907, 0.20418631062046055, 0.10234068747507594, 0.05238986682507168, 0.01143319776043045, 0.0017473220688998814, 0.0020431739411574503, 0.0034597925015133293, 0.0 ],
		[ 0.2950371792554944, 0.38027234910225066, 0.19797040307075983, 0.06273518920821462, 0.04766914022356999, 0.004061128793837387, 0.011399722542175247, 0.0008548878036978521, 0.0 ],
		[ 0.4481048884784173, 0.26745342181881154, 0.23355158473921642, 0.0008606995614452773, 0.03395299127576815, 0.0020720919953485053, 0.0025880315637100324, 0.011416290567282796, 0.0 ],
		[ 0.5764049511424795, 0.003226287231505385, 0.27458693038454, 0.11198918894710715, 0.024996897936073775, 0.007477728885538753, 5.482426645367919e-05, 0.0012631912063018088, 0.0 ],
		[ 0.5791538632275717, 0.01589685298658124, 0.2787040270690611, 0.05281636550401356, 0.0246127889654049, 0.030313287570654858, 0.012863205450700101, 0.000987054584918541, 0.004652554641094036 ],
		[ 0.14246396157129493, 0.21321996855260758, 0.46635948691899354, 0.13634755902377396, 0.027719593244812622, 0.007976320774699406, 0.0032247534624097567, 0.0026883564514081776, 0.0 ],
		[ 0.17433799344346923, 0.1298486438744618, 0.4482309601057246, 0.027729771315027775, 0.14170517412401032, 0.04305033374798539, 0.01889915052087571, 0.006145783017536439, 0.010052189850908711 ],
		[ 0.8628015778288527, 0.00030489293968599847, 0.05264782297104289, 0.008137850640944114, 0.03734549200674572, 0.019756203072644002, 0.009717175510164423, 0.009288985029920135, 0.0 ],
		[ 0.6495882711618861, 0.23979740227016386, 0.04058415759606058, 0.035106987762694844, 0.004605090194228946, 0.013206223864007624, 0.0056353909988484, 0.011476476152109586, 0.0 ]
	],
"activityUserData_3": [
		[ 0.7332639589472003, 0.016132129542707957, 0.07482671007154094, 0.1757772014385508 ],
		[ 0.31939671934086167, 0.48600604127699376, 0.05598030673201023, 0.13861693265013433 ],
		[ 0.2223299621138577, 0.3263268435490484, 0.3909611498339844, 0.06038204450310952 ],
		[ 0.41431813233780945, 0.4125206738883849, 0.09028798491894434, 0.08287320885486128 ]
	],
"activityUserData_4": [
		[ 0.33097928413681343, 0.11863334953356737, 0.07925292774952121, 0.3375519376982018, 0.09082416729101535, 0.02453657856842159, 0.018221755022459273, 0.0 ],
		[ 0.41705976149342683, 0.5521247706755744, 0.006580905974357668, 0.003910403907874705, 0.0023248289274044468, 0.01234926316734579, 0.005650065854016214, 0.0 ],
		[ 0.3782008606433216, 0.5756933458125647, 0.04417997417716172, 0.0013882152975687124, 8.450266482413582e-05, 0.00042333527261248044, 2.97661319466889e-05, 0.0 ],
		[ 0.9338177452523542, 0.03753297308637172, 0.002151943553712215, 0.0016888684950609454, 0.0021334458530804837, 0.004846202399259305, 0.017828821360161153, 0.0 ],
		[ 0.5722185332411754, 0.26835946096460295, 0.13515363147378598, 0.0007516396258744041, 0.002020145991682062, 0.007544457730933194, 0.013952130971945954, 0.0 ],
		[ 0.10526020661001431, 0.46477372169645526, 0.3801910425432094, 0.002926983127712106, 0.019900927514830836, 0.010811418753815801, 0.01613569975396227, 0.0 ],
		[ 0.9190727795542061, 0.02440422433502528, 0.04449949642363281, 0.0037106839719204827, 0.004053608259638913, 0.0050341003316896615, 0.004899615576918008, 0.0 ],
		[ 0.16327903183359838, 0.6883074830855724, 0.03833444003875305, 0.08448304226285525, 0.020367186539137404, 0.0037554505961014378, 0.0014733656439820603, 0.0 ]
	],
"activityUserData_5": [
		[ 0.19845475938869658, 0.2754012493280623, 0.2411423770242454, 0.20581847243589266, 0.07918314182310301 ],
		[ 0.9377236877103097, 0.05143787789530283, 0.002958598072499253, 0.007879836321888212, 0.0 ],
		[ 0.6019588876071588, 0.1836883157392361, 0.10473197807995216, 0.06365621169475018, 0.04596460687890279 ],
		[ 0.12439682601971634, 0.2914464694610486, 0.09630241939666509, 0.2622786682904826, 0.22557561683208743 ],
		[ 0.09020508369111219, 0.7639565692423397, 0.051832921069379874, 0.043473792857411646, 0.05053163313975668 ]
	]
}