{
"user": "user_0",
"user_info": {
	"active":true,
	"json_timestamp":"2019-09-26 14:14:50.013940",
	"json_timestamp_epoch":"1569500090013.9658",
	"json_timestamp_epoch_info":"json_timestamp_epoch is the time in milliseconds since the epoch as a floating point number. Epoch is designed to be January 1, 1970, 00:00:00 (UTC)"
},
"modelUserData_0": [
		[ 0.261908125309941, 0.40497631658671507, 0.07516041055258822, 0.2579551475507557 ],
		[ 0.288971702963031, 0.255084506515905, 0.05068325245876517, 0.4052605380622989 ],
		[ 0.0827021280811788, 0.08616552445161547, 0.3122740229087439, 0.5188583245584617 ],
		[ 0.3664180436458492, 0.2537736524457645, 0.5618823140799027, -0.18207401017151637 ]
	],
"modelUserData_1": [
		[ 0.5176081108678051, 0.46092647722013297, 0.007158887743016417, 0.014306524169045499 ],
		[ 0.42011943693382126, 0.008443431622071349, 0.07893452726725957, 0.49250260417684777 ],
		[ 0.013169440873705657, 0.5016291513163654, 0.1106815422804477, 0.37451986552948124 ],
		[ 0.049103011324667975, 0.029000939841430262, 0.8032250427092763, 0.11867100612462544 ]
	],
"modelUserData_2": [
		[ 0.41607542472308656, 0.12546136256542892, 0.4263747404634532, 0.0320884722480313 ],
		[ 0.34621935392435943, 0.18330784126940702, 0.42844275951409805, 0.0420300452921355 ],
		[ 0.053979607237634605, 0.11025615341711646, 0.08338248591816498, 0.7523817534270839 ],
		[ 0.1837256141149194, 0.5809746427480476, 0.06180001410428372, 0.17349972903274935 ]
	],
"activityUserData_0": [
		[ 0.4120669778279263, 0.13585101625520124, 0.4174202692828246, 0.034661736634047924 ],
		[ 0.3429610568548093, 0.20159598251223254, 0.4286254086167382, 0.02681755201621988 ],
		[ 0.04056634316962095, 0.11438695433989367, 0.07717525008137063, 0.7678714524091148 ],
		[ 0.20440562214764352, 0.5481660468926726, 0.07677907201906656, 0.17064925894061744 ]
	],
"activityUserData_1": [
		[ 0.40282128238730314, 0.1367107020256465, 0.43318514080527937, 0.02728287478177094 ],
		[ 0.33688815751105294, 0.19386786329575822, 0.44052678838853376, 0.02871719080465507 ],
		[ 0.050851995791555624, 0.13159487788037932, 0.08044124719102307, 0.737111879137042 ],
		[ 0.20943856431008823, 0.5378265567982159, 0.045846823615163804, 0.20688805527653198 ]
	],
"activityUserData_2": [
		[ 0.40645990114708314, 0.11890418592365411, 0.4203583958490321, 0.05427751708023071 ],
		[ 0.3235869558931429, 0.17040057438602885, 0.41859562966248964, 0.08741684005833861 ],
		[ 0.06547903472008591, 0.11091001594938053, 0.07296569857508409, 0.7506452507554495 ],
		[ 0.2044741082396881, 0.5997852237409365, 0.08808027591339415, 0.1076603921059811 ]
	]
}