{
"user": "user_4",
"user_info": {
	"json_timestamp":"2019-09-26 13:31:48.106651",
	"json_timestamp_epoch":"1569497508106.672",
	"json_timestamp_epoch_info":"json_timestamp_epoch is the time in milliseconds since the epoch as a floating point number. Epoch is designed to be January 1, 1970, 00:00:00 (UTC)"
},
"modelUserData_0": [
		[ 0.07686900518009787, 0.8558662546752694, 0.023687272193876324, 0.04357746795075636 ],
		[ 0.2531232901229762, 0.000502932589959169, 0.1146147032721901, 0.6317590740148745 ],
		[ 0.6302914140633659, 0.01673217212474262, 0.07333337548174104, 0.2796430383301505 ],
		[ 0.03971629063356008, 0.12689864061002876, 0.7883646490521925, 0.04502041970421866 ]
	],
"modelUserData_1": [
		[ 0.4710923829399656, 0.3375941711868838, 0.037562819054612916, 0.08256401579431992, 0.02821465034515152, 0.04297196067906627 ],
		[ 0.09703427382481022, 0.3981890823745669, 0.0362736602625733, 0.1826335279212214, 0.05886527865919716, 0.2270041769576311 ],
		[ 0.2554618009352412, 0.006437371017938752, 0.3561745612598303, 0.3310733598815754, 0.0057108954316305045, 0.04514201147378388 ],
		[ 0.10372004230788388, 0.2188440501035325, 0.14911971398980445, 0.2149984509277688, 0.04079513114676987, 0.27252261152424057 ],
		[ 0.023494860353746955, 0.017600616897585714, 0.11405444753911727, 0.04467991685542744, 0.10897657515611013, 0.6911935831980124 ],
		[ 0.04919663963835218, 0.02133470841949242, 0.30681479789406174, 0.14405072861968699, 0.7574374692611408, -0.27883434383273425 ]
	],
"modelUserData_2": [
		[ 0.9087450497657257, 0.051814569114348036, 0.03640080859391372, 0.0019740518581709892, 0.0010655206678415819 ],
		[ 0.0003611021013249419, 0.2501529944581179, 0.3730364669609581, 0.08551203311976806, 0.29093740335983104 ],
		[ 0.07396004132858466, 0.6192169019243686, 0.11625815899034243, 0.17757540506221878, 0.012989492694485488 ],
		[ 0.007230053074961648, 0.06855010029205384, 0.1221296655690217, 0.45530286500799777, 0.346787316055965 ],
		[ 0.009703753729403075, 0.010265434211111632, 0.352174899885764, 0.27963564495184434, 0.3482202672218768 ]
	],
"modelUserData_3": [
		[ 0.9371629235563457, 0.023933910182670902, 0.030880565341541166, 0.00802260091944226 ],
		[ 0.02972145706879872, 0.0074182368826173125, 0.9358835775354223, 0.026976728513161685 ],
		[ 0.03002909416017245, 0.06817979747421708, 0.020232990805658487, 0.8815581175599521 ],
		[ 0.003086525214683153, 0.9004680554604947, 0.013002866317378074, 0.08344255300744396 ]
	],
"modelUserData_4": [
		[ 0.9656987564818289, 0.01709548919747628, 0.0032846522121835918, 0.013921102108511225 ],
		[ 0.020417442879041584, 0.8022042086634401, 0.0357920042566929, 0.14158634420082541 ],
		[ 0.010201882398775574, 0.10085565032327515, 0.6814948379678746, 0.20744762931007465 ],
		[ 0.003681918240353941, 0.07984465181580847, 0.27942850556324894, 0.6370449243805887 ]
	],
"modelUserData_5": [
		[ 0.972053187251198, 0.016645717728367156, 0.00833941601334589, 0.0029616790070889076 ],
		[ 0.0002451494231850034, 0.869203707635015, 0.07281957943466191, 0.05773156350713812 ],
		[ 0.0040094387919472636, 0.013092903295861848, 0.35026471796751096, 0.63263293994468 ],
		[ 0.023692224533669683, 0.10105767134075597, 0.5685762865844812, 0.306673817541093 ]
	],
"activityUserData_0": [
		[ 0.08130401567056277, 0.8635283324185264, 0.005733859126526918, 0.049433792784383854 ],
		[ 0.24223519148268727, 0.0010303173947222369, 0.1275007705760202, 0.6292337205465703 ],
		[ 0.6433124878740215, 0.012910658547127671, 0.07167177821863642, 0.2721050753602144 ],
		[ 0.03314830497272847, 0.12253069163962366, 0.7950935920788165, 0.049227411308831404 ]
	],
"activityUserData_1": [
		[ 0.4750104145405441, 0.34146280062144974, 0.03337482285223685, 0.06990253558747826, 0.0284178752599646, 0.05183155113832649 ],
		[ 0.09662701505525884, 0.41741225890274836, 0.027811179200814017, 0.19447925436889973, 0.060904849601240124, 0.20276544287103895 ],
		[ 0.2545699605647674, 0.014228131589835564, 0.3561222701609547, 0.3416717295478739, 0.018861288405136047, 0.014546619731432418 ],
		[ 0.1102766128823283, 0.22012182501420074, 0.1516325230564623, 0.21727940907799825, 0.041023300461538875, 0.2596663295074715 ],
		[ 0.03401716213888385, 0.0094655531603356, 0.120134892955943, 0.049395352421751575, 0.11308643570150424, 0.6739006036215818 ],
		[ 0.02949883481821758, -0.002690569288570012, 0.31092431177358915, 0.1272717189959982, 0.7377062505706161, -0.20271054686985113 ]
	],
"activityUserData_2": [
		[ 0.9266387970713228, 0.056783359613355365, 0.04846426839388421, 0.009750068413264062, -0.04163649349182643 ],
		[ 0.015646516075904407, 0.25304089829613113, 0.3637120564323393, 0.10155275911147266, 0.2660477700841526 ],
		[ 0.08526838106552853, 0.6072322782394374, 0.11644734602048845, 0.20296080964450985, -0.011908814969964265 ],
		[ 0.007101510518179747, 0.07798914446652816, 0.1085924627845403, 0.45282205086156413, 0.3534948313691877 ],
		[ -0.03465520473093548, 0.004954319384547934, 0.3627838663687478, 0.2329143119691892, 0.43400270700845045 ]
	],
"activityUserData_3": [
		[ 0.9535902706268592, 0.013644439762558445, 0.0184971187578336, 0.014268170852748764 ],
		[ 0.008752778423919756, 0.00046518160663539324, 0.9288263686187574, 0.06195567135068736 ],
		[ 0.026024867923975625, 0.0539240339993161, 0.04942062594459234, 0.870630472132116 ],
		[ 0.011632083025245425, 0.93196634463149, 0.003255886678816662, 0.053145685664447884 ]
	],
"activityUserData_4": [
		[ 0.9587314394262624, 0.023106123029227724, 0.004650063556112719, 0.013512373988397181 ],
		[ 0.019476839662283425, 0.7952053398220071, 0.03266666273599309, 0.15265115777971636 ],
		[ 0.007338092826417633, 0.11175170294743035, 0.6821103305633859, 0.1987998736627662 ],
		[ 0.014453628085036564, 0.06993683420133474, 0.2805729431445083, 0.6350365945691202 ]
	],
"activityUserData_5": [
		[ 0.9631682714769093, 0.020777316289478147, 0.008109619313417075, 0.007944792920195468 ],
		[ 0.0012274751100167828, 0.8635538442712076, 0.06192183078886765, 0.07329684982990797 ],
		[ 0.006723464864008049, 0.0018189043184566305, 0.34907791072254646, 0.6423797200949888 ],
		[ 0.028880788549065853, 0.11384993512085764, 0.5808906391751688, 0.27637863715490774 ]
	]
}