{
"user": "user_0",
"user_info": {
	"json_timestamp":"2019-09-26 13:31:48.051897",
	"json_timestamp_epoch":"1569497508051.9246",
	"json_timestamp_epoch_info":"json_timestamp_epoch is the time in milliseconds since the epoch as a floating point number. Epoch is designed to be January 1, 1970, 00:00:00 (UTC)"
},
"modelUserData_0": [
		[ 0.2051945838180771, 0.00788643241608563, 0.4591886226568958, 0.26559721232886624, 0.0129788042471299, 0.00888878379500015, 0.005596784400239409, 0.027947960808978517, 0.006720815528727227 ],
		[ 0.7107681653713019, 0.023590790745346712, 0.11840522476808225, 0.0560557729356453, 0.06370895097363313, 0.011982463315306459, 0.011699584565861688, 0.0023718337277444947, 0.0014172135970780425 ],
		[ 0.012019638290779905, 0.08236516820520645, 0.3534099164708742, 0.03531767434380476, 0.18532685801984267, 0.3128465865520265, 0.018154254274603786, 0.00042222971549719614, 0.00013767412736448063 ],
		[ 0.01493685241229085, 0.6727930892020654, 0.04458555542666065, 0.012822008795392536, 0.16539656312094306, 0.005055073437077083, 0.010403346033542088, 0.0028831853587655124, 0.07112432621326288 ],
		[ 0.018989161486705985, 0.028654787536811197, 0.02283094075312463, 0.4400539219626451, 0.39168477831797155, 0.006693094354725859, 0.02732705821804171, 0.028052458456768233, 0.03571379891320582 ],
		[ 0.01006033982604857, 0.006628162047964813, 0.000689870483098362, 0.09569977976080803, 0.09235318629517729, 0.40802556766008546, 0.32329236381531035, 0.006193343344872803, 0.05705738676663437 ],
		[ 0.007458591022407184, 0.12965143352635525, 0.0005102990209795949, 0.034523097320205316, 0.05328479226525035, 0.17584206658732915, 0.1921731489539388, 0.2878101760275687, 0.1187463952759657 ],
		[ 0.001418256045230307, 0.04342341670197544, 8.505987783941242e-05, 0.03938134900794481, 0.02122158455906588, 0.030832773866904504, 0.027555508365679812, 0.2629479544108711, 0.5731340971644887 ],
		[ 0.01915441172715817, 0.005006719618189048, 0.000294510542445141, 0.020549183544687925, 0.01404448220098603, 0.03983359043154469, 0.38379795137278233, 0.3813708581489334, 0.13594829241327266 ]
	],
"modelUserData_1": [
		[ 0.12818140353858753, 0.6924551031550223, 0.023704605050467963, 0.05044566042135495, 0.07272562274910929, 0.016238157201038435, 0.008272754439588328, 0.007976693444831158 ],
		[ 0.19907124926909658, 0.02779818112831941, 0.0075446727083383364, 0.23514540024700253, 0.004812277808882642, 0.28843905512179785, 0.2128624017056263, 0.024326762010936392 ],
		[ 0.5541572118255318, 0.10905082154502437, 0.19466492149438294, 0.041321079032441616, 0.022074728943201304, 0.056348416216216474, 0.012637814682276859, 0.009745006260924628 ],
		[ 0.08888865562803379, 0.09970127468780582, 0.3988980731201042, 0.18443924148376553, 0.2085987637542813, 0.018446764981968664, 6.70021599906091e-05, 0.0009602241840500818 ],
		[ 0.006673069070657244, 0.012352433766632392, 0.10337083026214565, 0.20626217720694615, 0.378776511798165, 0.15957065436829426, 0.10300253461936511, 0.029991788907794123 ],
		[ 0.0017607611225198144, 0.05188705387523281, 0.24606144871518423, 0.09825467277825602, 0.16252953319288954, 0.16547791241472143, 0.17680245121020494, 0.09722616669099121 ],
		[ 0.008513394622789203, 0.0042993659939414945, 0.0005219547452101603, 0.04853520618372415, 0.07227770830801535, 0.03937124600895372, 0.47148363495733764, 0.3549974891800282 ],
		[ 0.01275425492278404, 0.0024557658480213705, 0.02523349390416638, 0.1355965626465091, 0.07820485344545557, 0.25610779368700926, 0.014871406225610229, 0.4747758693204441 ]
	],
"modelUserData_2": [
		[ 0.006283723845156519, 0.5853829379016128, 0.20020136032204278, 0.16280550915612665, 0.015395003319379031, 0.012495796205157794, 0.005449970384324932, 0.002795855258700158, 0.00918984360749936 ],
		[ 0.49913016209225863, 0.36444704038277626, 0.0946468008385317, 0.03609217560157473, 0.003032624698253733, 0.001563436669681138, 0.0008726140435856923, 3.0984083726273974e-06, 0.0002120472649655391 ],
		[ 0.2937470503815501, 0.019923948811111775, 0.674572817192633, 0.007397669315906781, 0.0037888198405791403, 0.00044271335637161734, 5.902706263219051e-05, 5.120441432820235e-05, 1.6749624887275583e-05 ],
		[ 0.09294183736351316, 0.01599730721332839, 0.0018287161430369694, 0.18920636260758153, 0.6962951735572921, 0.001979089823139128, 0.0005389699495698479, 0.0004793992954748019, 0.0007331440470641991 ],
		[ 0.07351170261535625, 0.0017382456496758288, 0.006842249556200642, 0.21695995337885568, 0.008986727657866287, 0.2891990941455467, 0.08236857697399473, 0.10671132712531625, 0.21368212289718777 ],
		[ 0.004527825144724454, 0.011854483543263006, 0.004955923635773405, 0.06128670861254928, 0.22147129691202247, 0.22297241960725692, 0.37487118984710405, 0.06715731263347077, 0.030902840063835674 ],
		[ 0.02940229493059373, 0.0005993325007733484, 0.009890776409118163, 0.23034781190274484, 0.013489914638547469, 0.22380798242752292, 0.4749330502864302, 0.004197400633117078, 0.013331436271152184 ],
		[ 0.00037297192570389694, 5.3833606408156557e-05, 0.0010698370485337076, 0.08811234514287623, 0.025043055108196592, 0.18555327135899097, 0.05251916931221225, 0.13260970629988483, 0.5146658101971935 ],
		[ 8.243170114327451e-05, 2.870391050465072e-06, 0.005991518854129718, 0.007791464281784302, 0.012497384267863225, 0.06198619640633285, 0.008387432140146242, 0.6859946959313352, 0.2172660060262146 ]
	],
"modelUserData_3": [
		[ 0.49798491167950176, 0.02807183334646886, 0.05548469032340136, 0.14230069393890774, 0.24706561064284244, 0.011324385833894711, 0.01776787423498312 ],
		[ 0.26326093982593207, 0.21707286915798638, 0.19041992876420463, 0.13457620092991765, 0.10193252576327856, 0.0716346777561296, 0.02110285780255111 ],
		[ 0.09802071636192564, 0.05026783586780227, 0.6032303708179916, 0.09680590888100485, 0.11442452353814422, 0.03506643002399362, 0.002184214509137805 ],
		[ 0.00199940159083219, 0.047508857028121486, 0.08157892416556863, 0.39276765892582344, 0.34044015941813494, 0.06728932945037928, 0.06841566942113998 ],
		[ 0.03358072141021539, 0.22810341846705812, 0.04980166677380125, 0.13248718489757014, 0.06145027625146082, 0.11443342842456422, 0.38014330377532995 ],
		[ 0.104494015617637, 0.2840167985978065, 0.007349854324171911, 0.09401766873521171, 0.0758775805994905, 0.3268363228925138, 0.10740775923316859 ],
		[ 0.0006592935139559247, 0.14495838753475637, 0.012134564830860669, 0.00704468369156451, 0.05880932378664851, 0.37341542561852487, 0.40297832102368947 ]
	],
"modelUserData_4": [
		[ 0.2953405128091178, 0.15579655344459956, 0.4091691435748284, 0.10445665991038988, 0.02115224540146768, 0.0003848680938251878, 0.012395110563430354, 0.0013049062023411783 ],
		[ 0.40892591778453485, 0.5618330965154904, 0.020436097699756635, 0.0017790653511932342, 0.002045827214601979, 0.004123114413926099, 0.0007872353379371706, 6.964568255968045e-05 ],
		[ 0.06403716095002293, 0.2813173296640963, 0.0660604436786164, 0.2762002128633433, 0.005492433343998852, 0.06743738758056665, 0.14459820607796195, 0.09485682584139357 ],
		[ 0.21966207010286304, 0.0004821201604394846, 0.2701594237691223, 0.09175515341909751, 0.001116214985575004, 0.10258682524288956, 0.3106606563991055, 0.0035775359209075375 ],
		[ 0.00588272606691133, 0.0003177897831884654, 0.008787044418791724, 0.47709532341527155, 0.14920533768803723, 0.07529808427561158, 0.078372376204816, 0.2050413181473721 ],
		[ 0.00408215812735272, 0.0002093374579715151, 0.21922371169197738, 0.0435313142384235, 0.24418610997800708, 0.11071255418146297, 0.14218115825133168, 0.23587365607347324 ],
		[ 0.0006508913268558796, 3.7966810292933305e-05, 0.000391728314512507, 0.0021978956929810467, 0.37662555416208066, 0.2865014299753027, 0.16312361952707508, 0.17047091419089924 ],
		[ 0.0014185628323414746, 5.8061639213862626e-06, 0.005772406852394718, 0.0029843751092999546, 0.20017627722623155, 0.3529557362364153, 0.14788163763834242, 0.28880519794105375 ]
	],
"modelUserData_5": [
		[ 0.8480438458792847, 0.0700902738326459, 0.009609878512078583, 0.07225600177599079 ],
		[ 0.080029719122316, 0.25518603593021916, 0.21313258017613254, 0.45165166477133223 ],
		[ 0.05370522191618818, 0.23608912954800584, 0.5267619152000049, 0.183443733335801 ],
		[ 0.0182212130822111, 0.4386345606891291, 0.2504956261117839, 0.292648600116876 ]
	],
"activityUserData_0": [
		[ 0.19479054269016904, 0.0076358631214653635, 0.45703091605141116, 0.2771840720651712, 0.010527589960191243, 0.007239152326489437, 0.0006826991687585706, 0.02320841783232795, 0.021700746784016026 ],
		[ 0.709277136430571, 0.02483336159507131, 0.12357581321378815, 0.0427526104706782, 0.06356725739681307, 0.009182001078935582, 0.012102551355122901, 0.002228381241245118, 0.012480887217774673 ],
		[ 0.003859171728426293, 0.09915653504267559, 0.34811635886146874, 0.016124507273042304, 0.19842522616568783, 0.31671054824498857, 0.005164455871818213, 0.008124040267773856, 0.004319156544118604 ],
		[ 0.007615288158124644, 0.6797316202578197, 0.04763559067627824, 0.013324458310646471, 0.15363427845344838, 0.008159668530824707, 0.025742856219313125, 0.0010182702835581756, 0.0631379691099865 ],
		[ 0.02484165302837432, 0.035356990188133416, 0.03520873859740972, 0.43061581561960754, 0.3800107429600054, 0.008970207022283036, 0.026447766049015085, 0.012142020985022518, 0.04640606555014901 ],
		[ 0.000422517557026254, 0.011021640258455579, 0.0004033418808032584, 0.1081419267340155, 0.08688706551488014, 0.39821584781143843, 0.34698136293272774, 0.03502806707943958, 0.012898230231213594 ],
		[ 0.03415947924184498, 0.11704469721866992, 0.0080839179311634, 0.032975514773092796, 0.05866337503971521, 0.17433791044944386, 0.19659543283571557, 0.2941896377551085, 0.08395003475524582 ],
		[ 0.00899140412222406, 0.05103708121870315, 0.01162293492088006, 0.035313496088181545, 0.004116426897346068, 0.018241421636015036, 0.030673519085004226, 0.2644541890936756, 0.5755495269379702 ],
		[ 0.016042807043239404, -0.02581778890099415, -0.031677612133202776, 0.04356759866556441, 0.04416803761191279, 0.05894324289958132, 0.3556093564825245, 0.3596069754618487, 0.1795573828695256 ]
	],
"activityUserData_1": [
		[ 0.11810871432994842, 0.7056216639879677, 0.023763065705442194, 0.03934153980331278, 0.0709700570776191, 0.03251992976083706, 0.0016353867289387886, 0.008039642605933995 ],
		[ 0.19527304053963188, 0.03250022553649547, 0.008487522502340564, 0.24866000459437848, 0.004440097050571094, 0.27164847751282073, 0.1850823329511139, 0.05390829931264793 ],
		[ 0.5657018638696119, 0.10700303494134884, 0.17687431901684664, 0.024930291988862374, 0.024554677993119105, 0.07016834520010458, 0.013508132111655491, 0.017259334878451126 ],
		[ 0.08577783371291928, 0.11913209027778922, 0.3786370134177749, 0.205946079249901, 0.20732707192945718, 0.023610359219798406, 0.02234561335757231, -0.04277606116521229 ],
		[ 0.027524683505166434, 0.017051640423424372, 0.1228393501376265, 0.21188241879668554, 0.3700541899910257, 0.1438164680778322, 0.09071022652444809, 0.016121022543791205 ],
		[ 0.01257490733473826, 0.05397625696635387, 0.25423722651162417, 0.08737715488285465, 0.15904610999729474, 0.1631160070466319, 0.18287862986340261, 0.08679370739709982 ],
		[ 0.019681691976366027, 0.017253699694989542, 0.005130387433858893, 0.06416108262487612, 0.07361094371928907, 0.03687505520067125, 0.4659544770238757, 0.3173326623260734 ],
		[ -0.024642735268382163, -0.05253861182836895, 0.030031115274486278, 0.1177014280591291, 0.08999685224162406, 0.2582453579813039, 0.0378852014389931, 0.5433213921012148 ]
	],
"activityUserData_2": [
		[ 0.007452979433204315, 0.5807393036509616, 0.19117297488959983, 0.16043583796636512, 0.030917145088752616, 0.007996572108906887, 0.016525455123849828, 0.008841042599096124, -0.004081310860736348 ],
		[ 0.4844284572340597, 0.3566462367637467, 0.09667539931280353, 0.026119711893422267, 0.007038069399906015, 0.012272619966858835, 0.0056447193415913414, 0.01606477646450891, -0.004889990376897278 ],
		[ 0.29619467552104567, 0.02788709511892011, 0.6830079744565697, 0.009156786580246372, 0.02224219954914529, 0.0030673076998482024, 0.01338806313971246, 0.001984674285354297, -0.056928776350841995 ],
		[ 0.08500767992154895, 0.02679522743744469, 0.01181032466291392, 0.19504676606165705, 0.7021924440165804, 0.009806760778124647, 0.0015165137830706215, 0.009284520162030352, -0.041460236823370536 ],
		[ 0.07100570215769755, 0.010484193952015481, 0.002773884374197352, 0.23384703369558443, 0.0017243393680662035, 0.29803300485549283, 0.06928847847661802, 0.09711943230303005, 0.21572393081729813 ],
		[ 0.018167287972473314, 0.012163696890041766, 0.003994286068187853, 0.03857803123435748, 0.22067376158369273, 0.2374859097512944, 0.3522094736113473, 0.07052349958960379, 0.04620405329900136 ],
		[ 0.024897401804486605, 0.011866876658622115, 0.011651698222067425, 0.24569224049722652, 0.0013895409422301531, 0.22453491304184656, 0.47136138761319935, 0.002109327161533418, 0.006496614058787794 ],
		[ 0.008937886430506935, 0.010867956776231164, 0.017938892474660333, 0.09219946872535151, 0.03250174341133035, 0.18119540920808336, 0.06456739641559019, 0.1547481488675539, 0.4370430976906921 ],
		[ 0.003907929524976945, -0.03745058724798361, -0.01902543446099996, -0.0010758766542106335, -0.01867924335970386, 0.02560750258954428, 0.005498512495020966, 0.6393245785672892, 0.40189261854606667 ]
	],
"activityUserData_3": [
		[ 0.49356841870168133, 0.04471800198008, 0.06724861821841546, 0.13282491689215492, 0.24261111188883208, 0.01590290188018795, 0.003126030438648255 ],
		[ 0.26181708698178113, 0.22311544884400467, 0.20074475406722364, 0.1382492610537213, 0.09932546267658572, 0.08954303795988744, -0.012795051583203862 ],
		[ 0.09853806806746124, 0.06819480890610707, 0.5988451398748348, 0.10241560946790235, 0.12106936826597506, 0.03364476383760065, -0.022707758419881152 ],
		[ 0.006348023374402497, 0.04798780880345559, 0.09939126145850802, 0.39770202060790294, 0.3357732930495674, 0.0569162234573978, 0.05588136924876572 ],
		[ 0.047047851087592255, 0.21477851163436035, 0.03159607700058432, 0.13483090741220438, 0.053181725575711145, 0.10592981254736972, 0.4126351147421779 ],
		[ 0.09565067827594603, 0.28789699508024075, 0.0013296303441010038, 0.09511738258139453, 0.07533344673318426, 0.3277231815248025, 0.11694868546033071 ],
		[ -0.00297012648886448, 0.11330842475175157, 0.0008445190363327434, -0.0011400980152804358, 0.07270559181014435, 0.370340078792754, 0.4469116101131623 ]
	],
"activityUserData_4": [
		[ 0.29178959846189245, 0.16139591228978425, 0.39402954453457156, 0.10554411553329342, 0.019466454568875465, 0.0023877225912760196, 0.0035849745518188557, 0.021801677468488 ],
		[ 0.38806694009203047, 0.5590210364315779, 0.021350753568680124, 0.0002998660634821798, 0.008084607945699023, 0.027046984602087636, 0.005960061813274973, -0.00983025051683226 ],
		[ 0.06497203729648576, 0.2848334597555875, 0.06067549547194274, 0.2628817350758052, 0.0060754825219146765, 0.06808090907337903, 0.14012364162268728, 0.11235723918219784 ],
		[ 0.23223655398548054, 0.02142570480416096, 0.23985693373891387, 0.10368176797818232, 0.00046057762182651974, 0.0982589134963685, 0.30475696408073305, -0.0006774157056657071 ],
		[ 0.009686357982788723, 0.004900359902467453, 0.006505317589101981, 0.48682145110108493, 0.14652206930061992, 0.0805193617335567, 0.08189113763808824, 0.18315394475229213 ],
		[ 0.00089534716500123, 0.002788706897564002, 0.2119412107602416, 0.03927486813091648, 0.23375575717020664, 0.10794952498959487, 0.1645173521627033, 0.23887723272377165 ],
		[ 0.012615166846617658, 0.018609123828293484, 0.0032916125701969775, 0.006144583394616809, 0.39384040643544205, 0.2909296751123338, 0.14204845069645772, 0.13252098111604155 ],
		[ -0.00026200183029683605, -0.05297430390943547, 0.06234913176635109, -0.004648387277381319, 0.19179464443541583, 0.3248269084014034, 0.15711741743423652, 0.3217965909797068 ]
	],
"activityUserData_5": [
		[ 0.8532690516194301, 0.06544902556029362, 0.011693841264995675, 0.06958808155528058 ],
		[ 0.08661823853776907, 0.2620966509148634, 0.20347864667680932, 0.4478064638705583 ],
		[ 0.05858505843800138, 0.2527056305065187, 0.5131665410228672, 0.17554277003261265 ],
		[ 0.001527651404799435, 0.41974869301832435, 0.27166097103532794, 0.30706268454154845 ]
	]
}