{
"user": "user_2",
"user_info": {
	"active":true,
	"json_timestamp":"2020-01-23 12:05:08.477641",
	"json_timestamp_epoch":"1579777508477.6611",
	"json_timestamp_epoch_info":"json_timestamp_epoch is the time in milliseconds since the epoch as a floating point number. Epoch is designed to be January 1, 1970, 00:00:00 (UTC)"
},
"modelUserData_0": [
		[ 0.7808996538098522, 0.09989310720854179, 0.0231481447041427, 0.03287301488462704, 0.056036628345991255, 0.007149451046845071 ],
		[ 0.4609257780218394, 0.08363347596585419, 0.3678640501269941, 0.05159806267768447, 0.00966209803187934, 0.026316535175748494 ],
		[ 0.21379550613982445, 0.27196094218668637, 0.2792950065995635, 0.07445231816889003, 0.015925648820725988, 0.14457057808430956 ],
		[ 0.39961333870316584, 0.49839809080482084, 0.08132068379904478, 0.0019259841959560209, 0.017476144198611824, 0.0012657582984006953 ],
		[ 0.2668507390182865, 0.6853272985777975, 0.03127279173938132, 0.008891944370533703, 0.0060765535173351315, 0.0015806727766658514 ],
		[ 0.31674817786039766, 0.17972054274191523, 0.2605845305885437, 0.22574501777685133, 0.004696619238402696, 0.012505111793889443 ]
	],
"modelUserData_1": [
		[ 0.9137696343405731, 0.059471649981696684, 0.01026599923887138, 0.003523929269640954, 0.002840236212083646, 0.0003466885810902839, 0.009781862376043931 ],
		[ 0.2811733230959148, 0.2835931776714057, 0.16861772946231074, 0.24992359122721822, 0.006630736847825881, 0.007871495778606746, 0.0021899459167179277 ],
		[ 0.13791094630426282, 0.5469616985537676, 0.005023475011860045, 0.3098974079912103, 0.00012746968420434407, 6.544648206217824e-06, 7.245780648862114e-05 ],
		[ 0.08275714580604088, 0.6393268861325038, 0.13064553475686086, 0.12870726310455374, 0.011143883232855173, 0.00028316299268095116, 0.0071361239745046275 ],
		[ 0.6517403034029718, 0.05329518040956396, 0.11574345800900854, 0.10994501841608989, 0.024385003676114732, 0.02191902040055968, 0.022972015685691377 ],
		[ 0.06486022552073367, 0.27957175875746637, 0.6177648551716346, 0.011206175264295112, 0.007007447027421297, 0.014180084958914466, 0.005409453299534539 ],
		[ 0.8043143211569661, 0.002271129586076172, 0.03158768333250605, 0.1343376641773699, 0.027198029411759063, 3.2104172066310015e-05, 0.0002590681632564033 ]
	],
"modelUserData_2": [
		[ 0.6995011997383084, 0.16476972373043502, 0.004276168070094092, 0.05760926226940685, 0.07384364619175565 ],
		[ 0.7779057641540372, 0.16241218785973027, 0.011772178949308045, 0.04599673444125823, 0.0019131345956662285 ],
		[ 0.6813854979071742, 0.10001458946226056, 0.21630218633692438, 0.0007566085627166091, 0.0015411177309242801 ],
		[ 0.9200912772455101, 0.040898917453805674, 0.0032779061002970525, 0.008514693957399263, 0.027217205242987916 ],
		[ 0.14139507870268453, 0.06721180092371, 0.017658596168433367, 0.49373622033083736, 0.2799983038743347 ]
	],
"activityUserData_0": [
		[ 0.775070662851728, 0.10702972298197456, 0.025749040690675493, 0.026765775571307403, 0.0639077113497501, 0.0014770865545644662 ],
		[ 0.46842758631809156, 0.09490648822304762, 0.37401396118115443, 0.04759518661674932, 0.005018976558030919, 0.010037801102926177 ],
		[ 0.2161522483270506, 0.28118270346688323, 0.2932573465236913, 0.07736498405686808, 0.020432696843788484, 0.1116100207817183 ],
		[ 0.4063225094906623, 0.49028969060352157, 0.07061351298335611, 0.005978714966874871, 0.009355080190500418, 0.017440491765084748 ],
		[ 0.2684210358954525, 0.6865101325228493, 0.031618699354451545, 0.00015949994208009212, 0.013290632285166576, 0.0 ],
		[ 0.3155918810698143, 0.17281207030555495, 0.24267436974165876, 0.21150393222909752, 0.004424727815762407, 0.052993018838111985 ]
	],
"activityUserData_1": [
		[ 0.9129217109087122, 0.055067015405544276, 0.025703495713942537, 0.004216468888202151, 0.0072247848870281885, 7.647217851686048e-05, 0.0 ],
		[ 0.2801245135816763, 0.2721583087664562, 0.18201756903945837, 0.24824786983226046, 0.0016520321999751062, 0.015799706580173597, 0.0 ],
		[ 0.13368601788167125, 0.5515315219666104, 0.003072703259769844, 0.3036347190954852, 0.0016387027139079602, 0.00643633508255547, 0.0 ],
		[ 0.06451675646726215, 0.6543575078480435, 0.11285283985111125, 0.12760868680860812, 0.023625958914322565, 0.017038250110652346, 0.0 ],
		[ 0.6478151098938242, 0.04468325558287721, 0.11505190857308255, 0.09663962391524625, 0.031513447863868733, 0.028853912437950387, 0.03544274173315067 ],
		[ 0.0676100320917453, 0.28138669926388526, 0.6239731609964974, 0.00482387900180488, 0.001587398904180217, 0.011957053641941242, 0.008661776099945721 ],
		[ 0.7979376101459122, 0.002120989622083821, 0.04031524276924102, 0.13431187876236184, 0.017748790515527493, 0.007565488184873608, 0.0 ]
	],
"activityUserData_2": [
		[ 0.7012766290844498, 0.1671184971789203, 0.00328570119641521, 0.0577516990856587, 0.07056747345455602 ],
		[ 0.7848773045715831, 0.17214847978075348, 0.005897333675580084, 0.02823495377556495, 0.008841928196518373 ],
		[ 0.6892104375213134, 0.09456836895095476, 0.21105160510368037, 0.0009033385293843805, 0.004266249894667083 ],
		[ 0.917308278878921, 0.04370434433214333, 0.00584566021292339, 0.004026683811312361, 0.029115032764699948 ],
		[ 0.17020149813150343, 0.05694002534707316, 0.006422906009324448, 0.47311762912853883, 0.29331794138356004 ]
	]
}