{
"user": "user_0",
"modelUserData_0": [
		[ 0.9682560656523466, 2.7473925185238794e-05, 0.002576926935340204, 0.016538625359936547, 0.006454494332011531, 0.003251581690549972, 0.0028948321046299392 ],
		[ 0.012793467477196598, 0.22072215182730476, 0.031413446156029035, 0.2510455888828267, 0.20467630501924206, 0.09097167297975987, 0.18837736765764096 ],
		[ 0.008336552356811423, 0.31259834472599607, 0.024725830193733127, 0.15984440871462735, 0.4351443983295461, 0.005230412968736765, 0.054120052710549274 ],
		[ 0.0004060982051222003, 0.257748456922259, 0.032981396892564754, 0.08978483479790518, 0.23693796985333765, 0.1259803713946799, 0.2561608719341313 ],
		[ 0.01000450068014726, 0.021126379005687375, 0.7069704338476093, 0.16531312744055626, 0.06527072981977665, 0.02367345067654295, 0.007641378529680259 ],
		[ 4.39132578582564e-05, 0.14476256737751023, 0.15949894952572988, 0.08779337261827869, 0.02171680771625357, 0.22301891055418124, 0.36316547895018814 ],
		[ 0.0001594023705176981, 0.04301462621605742, 0.041833016448993815, 0.2296800421858693, 0.02979929492983247, 0.5278735997355495, 0.12764001811318015 ]
	],
"modelUserData_1": [
		[ 0.19743512978452826, 0.7747842274973353, 0.009661476848961448, 0.004822647707346921, 0.008910969799241834, 0.00013594429115185828, 0.0005470817134160381, 0.0021349186442587865, 0.0015676037137595205 ],
		[ 0.19097493561729412, 0.09869527645640286, 0.5983458685413241, 0.023512851203635173, 0.04803270411153155, 0.018010155147807044, 0.006170355968198354, 0.010820103467074522, 0.005437749486732344 ],
		[ 0.29799897188718694, 0.003671978032419102, 0.3151695729681254, 0.09954031288001963, 0.1920060740226858, 0.01730097981465755, 0.04851076761793018, 0.020766005313292688, 0.005035337463682642 ],
		[ 0.01695914996887942, 0.07615903767781235, 0.03851577865725971, 0.20676967711371308, 0.09907284694483384, 0.17576316849134518, 0.1557939441041286, 0.10454965787741904, 0.12641673916460866 ],
		[ 0.2838223847515092, 0.035513907320937635, 0.02416451329998184, 0.4017654023997795, 0.1178477440114291, 0.07189073218240591, 0.03819032498597467, 0.015478997367579309, 0.011325993680402859 ],
		[ 0.006736101057993437, 0.009276903743488267, 0.003881390297868216, 0.018144052120802504, 0.4009591778203391, 0.07502410613824878, 0.03917626593717046, 0.03214180270847901, 0.41466020017561034 ],
		[ 0.0053522711844097995, 0.0018753627916587251, 0.0028232255344157933, 0.018262292003727566, 0.030775121095402556, 0.12784064623727023, 0.5944730320742576, 0.08028825024687808, 0.13830979883197964 ],
		[ 0.00028631905794782156, 7.523723757683423e-06, 0.006302273837699556, 0.15444178956388555, 0.02144194623099719, 0.2817984166686784, 0.02734197995758686, 0.3571927942789771, 0.15118695668046989 ],
		[ 0.00043473669025102677, 1.5782756188051272e-05, 0.0011359000143639011, 0.07274097500709001, 0.080953415963539, 0.2322358510284352, 0.08979624764133726, 0.3766274700960416, 0.14605962080275398 ]
	],
"modelUserData_2": [
		[ 0.894730885693913, 0.045092071855916314, 0.02879472404757302, 0.029936389827920986, 0.0006754953068900631, 0.0004191781243787477, 0.0003512551434078592 ],
		[ 0.009828096661195856, 0.42953329126928314, 0.24192457697076986, 0.06986125799512713, 0.018241908216903878, 0.18826830092039892, 0.04234256796632124 ],
		[ 0.028741357915695914, 0.3161051695316871, 0.15881071426016302, 0.24388980832418466, 0.008244783182218246, 0.11346088770537989, 0.13074727908067119 ],
		[ 0.0015208117966594601, 0.012919456672038044, 0.47914284118264094, 0.40773980349258304, 0.017497277390165367, 0.041904474841412756, 0.03927533462450039 ],
		[ 0.03680323425456548, 0.08699171237292073, 0.006528430782902136, 0.2337130482982715, 0.5321335480150982, 0.03557115573120362, 0.06825887054503854 ],
		[ 0.022361503469898306, 0.10374054807444874, 0.04969740450218177, 0.006228668576426138, 0.013974214904504805, 0.5183603894497276, 0.28563727102281267 ],
		[ 0.0060141102080719724, 0.00561775022370585, 0.03510130825376928, 0.008631023485486593, 0.40923277298421956, 0.10201561322749841, 0.4333874216172481 ]
	],
"modelUserData_3": [
		[ 0.7519444339300984, 0.10884931264940631, 0.08149098487887256, 0.036727628840860345, 0.011229614579851119, 0.002527609767279275, 0.0015105065993165079, 0.0011019769107514005, 0.004617931843564127 ],
		[ 0.18746225675315073, 0.3049408969465565, 0.027445719490548533, 0.4275233272788816, 0.03433475856432039, 0.0027393290535677023, 0.0034874890357701207, 0.004531497626435645, 0.007534725250768693 ],
		[ 0.0073261317448353345, 0.5129440235496012, 0.4567382150931055, 0.01953381312426977, 0.002067592401831305, 0.0011701955513134334, 0.00015383720700196506, 4.823907831905819e-05, 1.795224972240096e-05 ],
		[ 0.03779236699201627, 0.022541412824629962, 0.3244849927266748, 0.43964015932148487, 0.138169174658, 0.019077617976282702, 0.005873216631356685, 0.00553704791885433, 0.006884010950700444 ],
		[ 0.0020998441293545683, 0.02621791528306592, 0.006589248994900175, 0.01916186894756233, 0.8033167262830085, 0.1244666430046065, 0.01215828740524782, 0.0035638896907342027, 0.0024255762615198553 ],
		[ 0.00697733598018965, 0.015132514721436901, 0.016803819237141873, 0.02342563881845176, 0.0008267804438454693, 0.6191354651409382, 0.21537178826407546, 0.07024256677788691, 0.03208409061603372 ],
		[ 0.0012943413258480858, 0.006245331270595803, 0.033095215628292346, 0.01567458562490262, 0.008429401585714655, 0.0677413253213625, 0.2866443023468588, 0.17162258842404907, 0.40925290847237616 ],
		[ 0.000894794511531075, 0.0009302011595012091, 0.048022437476849714, 0.00790977231961252, 0.0003839500533885535, 0.0026049901710226324, 0.22040349913219923, 0.3611613003742246, 0.3576890548016704 ],
		[ 0.004208494632975935, 0.002198391595206074, 0.005329366473614511, 0.010403205723974303, 0.0012420014300400445, 0.16053682401362698, 0.2543970733781734, 0.3821908931987447, 0.1794937495536441 ]
	],
"modelUserData_4": [
		[ 0.6580232204099319, 0.19185630526228717, 0.05737029292740794, 0.092750181400373 ],
		[ 0.22649689255119626, 0.3322423052437009, 0.12025498122359086, 0.3210058209815119 ],
		[ 4.575834087424771e-05, 0.16509181389315802, 0.23029487486687822, 0.6045675528990895 ],
		[ 0.1154341286979976, 0.3108095756008539, 0.592079850982123, -0.018323555280974402 ]
	],
"modelUserData_5": [
		[ 0.8577389089422044, 0.03794684066046191, 0.08026735613228038, 0.011547531583830708, 0.0035363080048673038, 0.00703860557158688, 0.0010237275651871723, 0.00028427708739075993, 0.0006164444521904874 ],
		[ 0.10193728887290057, 0.3125905576614613, 0.3682403528911022, 0.1317854346426991, 0.07610040907549608, 0.00031766803201098507, 0.008237103196332283, 0.0007476174716537765, 4.356815634379047e-05 ],
		[ 0.020943500535352814, 0.5503724479667363, 0.37428189942276774, 0.040520063103893125, 0.010884586660930654, 0.0008245783814491988, 0.0014930209770371039, 2.986876253693211e-05, 0.0006500341892961369 ],
		[ 0.003927336772355673, 0.07955912991885399, 0.07334501341102621, 0.7033910987678026, 0.08460427386730096, 0.05331738479241226, 0.00016589038224267685, 0.001490621329436184, 0.0001992507585695249 ],
		[ 0.010826152838059518, 0.003806753981989311, 0.07672650543388343, 0.007757688655969619, 0.09738866134716845, 0.2095456139000299, 0.29103652809148134, 0.26871399573083443, 0.034198100020584044 ],
		[ 0.0013274025544775527, 0.00473783396022562, 0.024481443742185048, 0.055118520853429186, 0.4674260151480476, 0.4369236657541232, 0.009937357845386428, 1.8348435268167546e-05, 2.9411706857075442e-05 ],
		[ 0.0006576985839303046, 0.0028209707992681125, 3.532401568999025e-05, 0.007488224712835051, 0.11402637634640031, 0.2362445864199414, 0.16057790171762557, 0.3480040885757346, 0.1301448288285747 ],
		[ 0.001958654512881929, 0.006855042548426949, 0.002387355327034189, 0.0311988510522634, 0.003336089787969862, 0.025151639715494886, 0.4906532449795792, 0.27997152639994627, 0.15848759567640347 ],
		[ 0.0006830563878372446, 0.001310422502576355, 0.00023474962403072924, 0.011192586627277235, 0.1426972797618189, 0.030636257432951345, 0.03687522524512821, 0.10073965620719882, 0.6756307662111808 ]
	],
"modelUserData_6": [
		[ 0.8044409998181505, 0.18246888975175674, 0.008624991405625879, 0.004465119024466849 ],
		[ 0.1847112818585179, 0.14045766711433103, 0.2811331685791092, 0.3936978824480418 ],
		[ 0.0033233689036232168, 0.5766342053441411, 0.3626330131359031, 0.05740941261633259 ],
		[ 0.007524349419708346, 0.10043923778977104, 0.3476088268793618, 0.5444275859111587 ]
	],
"modelUserData_7": [
		[ 0.14381092505737225, 0.4628728319714163, 0.026332594125167575, 0.3130531613666724, 0.00011506504016322563, 0.053815422439208234 ],
		[ 0.1611514012632922, 0.3910057374094629, 0.24294019966497055, 0.18956249705451958, 0.00974868889058678, 0.005591475717168028 ],
		[ 0.5797035967957859, 0.11504795570429098, 0.2717653959697774, 0.0014156682659969956, 0.001658083827020898, 0.030409299437127852 ],
		[ 0.08281689939861282, 0.01671522163368144, 0.38502132901279984, 0.2374515721927919, 0.18556770723920768, 0.09242727052290634 ],
		[ 0.01610969636420091, 0.012802938747575559, 0.06297604180355844, 0.06521577697683056, 0.6461826439648314, 0.1967129021430032 ],
		[ 0.016407481120735954, 0.0015553145335727731, 0.01096443942372631, 0.19330132414318862, 0.15672781103819, 0.6210436297405864 ]
	],
"activityUserData_0": [
		[ 0.9610865648218906, 0.002404664674047393, 0.015008270837304688, 0.023762793520317432, 0.001556172252855057, 0.010160658965061676, -0.013979125071476837 ],
		[ 0.003385037889996419, 0.22783936891135528, 0.046513380874337325, 0.23962400576696827, 0.21455834458396686, 0.106213352757696, 0.16186650921567985 ],
		[ 0.0021606281588630732, 0.3087095235225474, 0.03366135317881307, 0.146617432288983, 0.4357815839532546, 0.004594223583200356, 0.06847525531433843 ],
		[ 0.006721020903252049, 0.24929696970933193, 0.04519516292472305, 0.08203323694713047, 0.22330453024240768, 0.11088352557758466, 0.28256555369557024 ],
		[ 0.02903169793447225, 0.015482943167327113, 0.711110478250854, 0.1676674313058515, 0.07023053575923059, 0.03541134898257764, -0.028934435400313138 ],
		[ 0.013344190559302428, 0.148969031721578, 0.16350535453394663, 0.0705848780730313, 0.00038140838385430226, 0.2264350589789839, 0.37678007774930344 ],
		[ -0.01572914026777681, 0.047297498293812884, -0.014994000599978768, 0.26971022209771806, 0.05418742482443089, 0.5063018311548959, 0.15322616449689808 ]
	],
"activityUserData_1": [
		[ 0.19497407490477317, 0.7798076877061602, 0.029153833531048043, 0.0030860651623108846, 0.004673476203219833, 0.0038945619443046743, 0.0019663400510650407, 0.017371021077260865, -0.03492706058014264 ],
		[ 0.18850106514475135, 0.11067285159579818, 0.6031540445517727, 0.02555768448284165, 0.060578799812024416, 0.004883522704495349, 0.008278878932738966, 0.008006602572251473, -0.009633449796674146 ],
		[ 0.304747867120044, 0.005836215762085626, 0.31494743016872373, 0.1162468188677533, 0.20240185619793719, 0.023477233432129433, 0.04874847279627201, 0.017491448252296687, -0.033897342597241906 ],
		[ 0.015797372684942315, 0.08756860269690378, 0.053412846818550255, 0.2248215191132045, 0.11064272697412787, 0.16110332740558925, 0.1800288049191063, 0.10459287374396037, 0.06203192564361529 ],
		[ 0.2960098317638506, 0.041363376295481265, 0.031212417601120368, 0.3922941241227311, 0.1320720100605469, 0.07558093797845009, 0.05432691638659559, 0.017519181624296335, -0.0403787958330723 ],
		[ 0.017307041444376073, 0.004496315235998699, 0.010925910720901525, 0.010730495425964067, 0.3999841042927399, 0.07025872430950765, 0.029663111692474507, 0.045370114774661116, 0.41126418210337645 ],
		[ 0.00480855959927332, 0.004613192787088297, 0.0012240932101901844, 0.017768484058237517, 0.029175982539342737, 0.13096729605239293, 0.6043792149495033, 0.08311803744333933, 0.12394513936063235 ],
		[ 0.01100903500467825, 0.017782305819097004, 0.0036844195807859137, 0.1576509494794686, 0.006706028892990875, 0.27334911755037083, 0.01730505290852124, 0.3626977140813319, 0.14981537668275546 ],
		[ -0.03315484766668895, -0.052140547898613006, -0.04771499618309272, 0.051843859287488275, 0.053765015027070304, 0.2564852786227596, 0.05530320736372308, 0.343833006430602, 0.37178002501675156 ]
	],
"activityUserData_2": [
		[ 0.9067433025096264, 0.05918699520032932, 0.04202166453697513, 0.0329949124570392, 0.005628408635109763, 0.010354587866898114, -0.05692987120597796 ],
		[ 0.021463771747416212, 0.4411969109099167, 0.2524784679875642, 0.0789637082647863, 0.03415737484933692, 0.20371346830180975, -0.03197370206083011 ],
		[ 0.040820459851395194, 0.3128397950651843, 0.15282360409021548, 0.24281196530160912, 0.015268672244719256, 0.1206743454357259, 0.11476115801115082 ],
		[ 0.008470017525292035, 0.005791637304006475, 0.4782674909795696, 0.41144204076954516, 0.030467777017394858, 0.03929019879384852, 0.02627083761034337 ],
		[ 0.043406757119522514, 0.0973440074872432, 0.0009531259674880853, 0.22943653030524605, 0.5139325869488671, 0.031011627882921333, 0.08391536428871182 ],
		[ 0.040469113920377824, 0.09519287039408365, 0.05903336380083152, 0.0028504497255180073, 0.026322689890510016, 0.5105523671465817, 0.26557914512209746 ],
		[ -0.0613734226736302, -0.011552216360763631, 0.01442228263735601, 0.0015003931762561972, 0.3742224904140621, 0.08440340457221474, 0.5983770682345048 ]
	],
"activityUserData_3": [
		[ 0.7317401127338455, 0.10678763107395059, 0.07337633147815913, 0.036574644524795905, 0.033963386124664346, 0.009352339022701162, 0.02278214845896331, 0.009001927106573184, -0.02357852052365316 ],
		[ 0.18933903297888555, 0.29678352509948647, 0.027460144651569665, 0.41556843321468295, 0.03411222266038226, 0.005574402666300129, 0.0008774185462305782, 0.01000543202175081, 0.020279388160711606 ],
		[ 0.014967065857473583, 0.5259141984483825, 0.464353185472769, 0.012382026773097538, 0.01171942584702009, 0.019620593605724657, 0.01197405233512888, 0.006530115311655539, -0.06746066365125174 ],
		[ 0.030990144412492614, 0.030165066005303998, 0.31453925297039376, 0.4552932970532918, 0.14620173643922782, 0.017273856120553908, 0.012164988048831912, 0.0042471441459734785, -0.010875485196069266 ],
		[ 0.009281333028997052, 0.026805831275292992, 0.01001403278289912, 0.03998530152175536, 0.7996668680114344, 0.13982191258124957, 0.015523546611809266, 0.0024545793918353312, -0.04355340520527313 ],
		[ 0.01101975621406632, 0.010071186805526907, 0.0010267508594538031, 0.02160449535526256, 0.005547257198171244, 0.6276160800276387, 0.23504669537229286, 0.07876117007559694, 0.009306608091990631 ],
		[ 0.011277282950199653, 0.005679482135729643, 0.013116905515930869, 0.009722438612820137, 0.014786990629339367, 0.05795010715037885, 0.2880282301065899, 0.18203044288294595, 0.41740812001606536 ],
		[ 0.008231371529988827, 0.01899547841576141, 0.06151835847606631, 0.01602676926025024, 0.016166354245996693, 0.008503166400021508, 0.2148197637431719, 0.38348581070122767, 0.2722529272275154 ],
		[ -0.006846099705949129, -0.021202399259434533, 0.03459503779275837, -0.007157406315956438, -0.062164241156236255, 0.11428754242543156, 0.1987831567769815, 0.323483378362441, 0.42622103107996456 ]
	],
"activityUserData_4": [
		[ 0.6449121160350757, 0.19230824006975517, 0.04317159831892957, 0.11960804557623957 ],
		[ 0.2371645582677615, 0.33319283267750466, 0.1149447100381804, 0.31469789901655343 ],
		[ 0.012101531787424418, 0.15265023145353257, 0.24245366420392703, 0.592794572555116 ],
		[ 0.10582179390973838, 0.32184869579920766, 0.599430027438963, -0.027100517147909065 ]
	],
"activityUserData_5": [
		[ 0.859839815853229, 0.04568658714346558, 0.08783916464284065, 0.020330468351137748, 0.010138876563019664, 0.000982735492817544, 0.006438571890582551, 0.006859220203109939, -0.03811544014020266 ],
		[ 0.10018330167660973, 0.29950009771311925, 0.3753927691072219, 0.11293119379365657, 0.08626001482639233, 0.0061593046474592164, 0.0017768530708090194, 0.007818411945283932, 0.009978053219448058 ],
		[ 0.022696769617455675, 0.5303897787752638, 0.38375808555871194, 0.022962803739599656, 0.013957008872122362, 0.019669302783120766, 0.0007885591502854172, 0.0040862637936655635, 0.0016914277097747656 ],
		[ 0.019498296476898623, 0.08876292690089023, 0.08587782427117754, 0.714828540441112, 0.07891860202651883, 0.05719955055900291, 0.02211434453539654, 0.014842309247427755, -0.08204239445842441 ],
		[ 0.02940899984189215, 0.008658431478109947, 0.0738247619512921, 0.006765469303050397, 0.11568943622136604, 0.20519416146203048, 0.2840904174996622, 0.2635099827843391, 0.012858339458257484 ],
		[ 0.005870797076927515, 0.01573572876516275, 0.012394935064061845, 0.04720425136060629, 0.46820846708240815, 0.45419626427532966, 0.0011458466391050179, 0.009105419216501863, -0.013861709480103021 ],
		[ 0.0006621274674305063, 0.009073180492931921, 0.00021044763031860783, 0.008848523114208655, 0.10199218412264931, 0.22878878081956902, 0.15489487540683117, 0.3429618369225084, 0.15256804402355229 ],
		[ 0.003082054408897457, 0.0030602158690011126, 0.009984855403460034, 0.02693608041846502, 0.004321049001379465, 0.027765116930121198, 0.4904545747709015, 0.2913976210073468, 0.14299843219042752 ],
		[ -0.04124216241934066, -0.0008669471379446733, -0.029282843629084624, 0.03919266947816367, 0.1205143612841438, 4.47830305491774e-05, 0.03829595703642674, 0.059418934879816476, 0.8139252474772698 ]
	],
"activityUserData_6": [
		[ 0.8059179618460558, 0.1859105081679539, 0.012120177409576416, -0.003948647423586115 ],
		[ 0.17781746937237697, 0.13705102642887798, 0.27654729040306353, 0.4085842137956815 ],
		[ 0.0021325160882741307, 0.5834560423618295, 0.3610031956850887, 0.05340824586480769 ],
		[ 0.014132052693293104, 0.09358242304133857, 0.3503293365022713, 0.541956187763097 ]
	],
"activityUserData_7": [
		[ 0.1595555647608975, 0.4619525397553647, 0.028752018578896227, 0.3185435552709736, 0.007248141991069681, 0.02394817964279825 ],
		[ 0.17466991935722848, 0.39482946568705013, 0.2254036600040492, 0.20034914367306034, 0.011564880136379602, -0.006817068857767811 ],
		[ 0.5832910499632076, 0.11838919335459587, 0.2736512757064835, 0.0096692771863981, 0.013138744900892823, 0.001860458888422135 ],
		[ 0.08737546916360855, 0.010937440673947368, 0.3812179786244713, 0.22296974927280055, 0.18407395531754728, 0.11342540694762487 ],
		[ 0.021847599403205582, 0.010159369769106232, 0.07381200192447561, 0.05544308976889263, 0.6341839169825179, 0.20455402215180207 ],
		[ -0.026739602648147738, 0.0037319907599356345, 0.01716306516162415, 0.19302518482787473, 0.14979036067159268, 0.6630290012271205 ]
	]
}