{
"user": "user_2",
"user_info": {
	"active":true,
	"json_timestamp":"2019-09-26 14:14:50.020328",
	"json_timestamp_epoch":"1569500090020.3462",
	"json_timestamp_epoch_info":"json_timestamp_epoch is the time in milliseconds since the epoch as a floating point number. Epoch is designed to be January 1, 1970, 00:00:00 (UTC)"
},
"modelUserData_0": [
		[ 0.8062448823957427, 0.027833722661216125, 0.009034605904425515, 0.15688678903861572 ],
		[ 0.05898633268714347, 0.11790417202043042, 0.07006472805752197, 0.7530447672349041 ],
		[ 0.01855454457787585, 0.15164307384217515, 0.525264387695942, 0.30453799388400704 ],
		[ 0.11621424033923801, 0.7026190314761783, 0.39563627834211057, -0.2144695501575269 ]
	],
"modelUserData_1": [
		[ 0.722776659308169, 0.15885489070955372, 0.0590175614197583, 0.059350888562518946 ],
		[ 0.13610232950912385, 0.1711165512141763, 0.035454535189181874, 0.6573265840875181 ],
		[ 0.0501793057622101, 0.03300916626377278, 0.6236720405704201, 0.29313948740359697 ],
		[ 0.09094170542049701, 0.6370193918124971, 0.2818558628206397, -0.009816960053633972 ]
	],
"modelUserData_2": [
		[ 0.3841379107748958, 0.35671126942750836, 0.24752699561081973, 0.011623824186776127 ],
		[ 0.5374164680915349, 0.1302441029304023, 0.09165505993074768, 0.2406843690473151 ],
		[ 0.05602969564003895, 0.02955475256710151, 0.6167347982403826, 0.29768075355247703 ],
		[ 0.022415925493530393, 0.48348987507498786, 0.044083146218049984, 0.4500110532134318 ]
	],
"activityUserData_0": [
		[ 0.37613022138670843, 0.3617404670660073, 0.2332445382586937, 0.0288847732885906 ],
		[ 0.5456037522237667, 0.11121961336827788, 0.1032662806090638, 0.23991035379889164 ],
		[ 0.06177627185236847, 0.03688803210751051, 0.625962683001989, 0.2753730130381321 ],
		[ 0.016489754537156488, 0.4901518874582042, 0.03752649813025344, 0.4558318598743857 ]
	],
"activityUserData_1": [
		[ 0.3933071672112037, 0.34929651562005715, 0.2437710054301367, 0.013625311738602541 ],
		[ 0.5346018452758793, 0.11990535912634152, 0.10527056648757802, 0.24022222911020116 ],
		[ 0.047319069038137124, 0.026287349839097075, 0.5999209878549705, 0.3264725932677953 ],
		[ 0.02477191847477997, 0.5045107754145043, 0.05103744022731471, 0.419679865883401 ]
	],
"activityUserData_2": [
		[ 0.37051180899174996, 0.3755203824804953, 0.2423359755044869, 0.01163183302326784 ],
		[ 0.5305476036832912, 0.15401608073646933, 0.07540582071584287, 0.24003049486439657 ],
		[ 0.05524203529929287, 0.03108581331011383, 0.6025560479222583, 0.31111610346833507 ],
		[ 0.043698552025665936, 0.4393777234729215, 0.07970215585741192, 0.4372215686440005 ]
	]
}