{
"user": "user_3",
"user_info": {
	"active":true,
	"json_timestamp":"2019-10-13 18:21:58.744175",
	"json_timestamp_epoch":"1570983718744.1926",
	"json_timestamp_epoch_info":"json_timestamp_epoch is the time in milliseconds since the epoch as a floating point number. Epoch is designed to be January 1, 1970, 00:00:00 (UTC)"
},
"modelUserData_0": [
		[ 0.7758158836881334, 0.054096661497937605, 0.16371754522219972, 0.006369909591729311 ],
		[ 0.00017015807262187274, 0.8052507348721663, 0.18084874170420928, 0.013730365351002582 ],
		[ 0.10907796990163467, 0.0359809608812709, 0.39372067332513205, 0.4612203958919624 ],
		[ 0.11493598833761008, 0.10467164274862528, 0.26171303974845894, 0.5186793291653057 ]
	],
"modelUserData_1": [
		[ 0.1890426031242417, 0.2665276292552836, 0.3848879726647012, 0.15954179495577347 ],
		[ 0.01689006792047777, 0.45353387314905336, 0.5046922696737527, 0.024883789256716193 ],
		[ 0.258062315956149, 0.14811146244590725, 0.07821631698146535, 0.5156099046164784 ],
		[ 0.5360050129991316, 0.13182703514975577, 0.032203440680080755, 0.29996451117103196 ]
	],
"modelUserData_2": [
		[ 0.18292312096657604, 0.5298976987135535, 0.11007750347778572, 0.17710167684208472 ],
		[ 0.5323844513459297, 0.4638754281313517, 0.002203282778776489, 0.001536837743942115 ],
		[ 0.002013768019584055, 0.0037684522365826175, 0.285232390088298, 0.7089853896555354 ],
		[ 0.2826786596679102, 0.0024584209185121745, 0.60248682365514, 0.11237609575843777 ]
	],
"activityUserData_0": [
		[ 0.1757093755412281, 0.5299388854797095, 0.11753272147122888, 0.17681901750783358 ],
		[ 0.5175105135873962, 0.4608049395537654, 0.016276853320566616, 0.005407693538271788 ],
		[ 0.008969778620769989, 0.009256174966525175, 0.30246787313426726, 0.6793061732784376 ],
		[ 0.2978103322506057, 0.0, 0.5637225520739373, 0.1384671156754571 ]
	],
"activityUserData_1": [
		[ 0.18646665122235828, 0.5193911495606583, 0.1089715264263048, 0.18517067279067856 ],
		[ 0.5334642257352961, 0.46459094006217794, 0.001944834202525977, 0.0 ],
		[ 0.002780911029307457, 0.009912193686132194, 0.27686630658736583, 0.7104405886971945 ],
		[ 0.2772882120130382, 0.006105716691031507, 0.6122173327838034, 0.10438873851212693 ]
	],
"activityUserData_2": [
		[ 0.1966592203739681, 0.5287856443963411, 0.11775412816963368, 0.15680100706005715 ],
		[ 0.5281934303219803, 0.46460401330720513, 0.007202556370814546, 0.0 ],
		[ 0.01049522717496982, 0.006610342296453783, 0.29820361634679665, 0.6846908141817797 ],
		[ 0.2646521221290818, 0.0, 0.5768396991127552, 0.15850817875816314 ]
	]
}