{
"user": "user_1",
"user_info": {
	"active":true,
	"json_timestamp":"2019-10-13 18:21:58.717551",
	"json_timestamp_epoch":"1570983718717.567",
	"json_timestamp_epoch_info":"json_timestamp_epoch is the time in milliseconds since the epoch as a floating point number. Epoch is designed to be January 1, 1970, 00:00:00 (UTC)"
},
"modelUserData_0": [
		[ 0.8364740905995997, 0.025685681336797637, 0.13539367618010129, 0.00244655188350143 ],
		[ 0.01070276027731108, 0.29968542540175336, 0.3504447813743039, 0.33916703294663164 ],
		[ 0.039749570321885655, 0.12818288626603605, 0.17368112824221144, 0.658386415169867 ],
		[ 0.11307357880120363, 0.546446006995413, 0.3404804142033834, 0.0 ]
	],
"modelUserData_1": [
		[ 0.32525028559457814, 0.16293991351505704, 0.28452661635111287, 0.227283184539252 ],
		[ 0.48214907312798844, 0.2849778900859355, 0.08964271231658412, 0.1432303244694919 ],
		[ 0.15369632091169122, 0.5228672217209867, 0.08801065357097955, 0.23542580379634254 ],
		[ 0.03890432036574221, 0.02921497467802081, 0.5378200177613234, 0.39406068719491355 ]
	],
"modelUserData_2": [
		[ 0.9611858629066784, 0.0201313684787782, 0.012122975502045101, 0.006559793112498297 ],
		[ 0.017501185023808416, 0.8693381521628305, 0.06874034483357809, 0.04442031797978303 ],
		[ 0.016357643237798005, 0.07644607496620788, 0.48201283494459124, 0.42518344685140286 ],
		[ 0.004955308831715178, 0.03408440439218345, 0.4371238447197856, 0.5238364420563157 ]
	],
"activityUserData_0": [
		[ 0.9475753977641231, 0.034497289767708834, 0.017927312468168033, 0.0 ],
		[ 0.02408497248921368, 0.866533892452398, 0.055559682089220595, 0.05382145296916772 ],
		[ 0.011751456402538187, 0.07172249691666191, 0.4835844217986189, 0.4329416248821811 ],
		[ 0.016588173344125, 0.02724632086323129, 0.4429285836439925, 0.5132369221486512 ]
	],
"activityUserData_1": [
		[ 0.9573294181831099, 0.01096507759864595, 0.010449821830368761, 0.021255682387875386 ],
		[ 0.017609001453439847, 0.8761839930012307, 0.07246483543737736, 0.03374217010795211 ],
		[ 0.02080512610596833, 0.08594250938686793, 0.489181713149332, 0.4040706513578317 ],
		[ 0.0042564542574819175, 0.026908420013255385, 0.42790362958292183, 0.5409314961463408 ]
	],
"activityUserData_2": [
		[ 0.963367567320217, 0.010147307488644338, 0.02648512519113869, 0.0 ],
		[ 0.007477410504422943, 0.8815582171484939, 0.07512538906267663, 0.03583898328440649 ],
		[ 0.01900308487744768, 0.07137837902045104, 0.4870123391740593, 0.4226061969280419 ],
		[ 0.0101519372979124, 0.036916096342410734, 0.41137714657212543, 0.5415548197875515 ]
	]
}