{
"user": "user_4",
"user_info": {
	"active":false,
	"json_timestamp":"2019-10-13 18:39:07.354669",
	"json_timestamp_epoch":"1570984747354.6892",
	"json_timestamp_epoch_info":"json_timestamp_epoch is the time in milliseconds since the epoch as a floating point number. Epoch is designed to be January 1, 1970, 00:00:00 (UTC)"
},
"modelUserData_0": [
		[ 0.4098867996092814, 0.4124903247500796, 0.08052582757993913, 0.07403468969947477, 0.020831060063513873, 0.0022312982977112233 ],
		[ 0.4512297016981695, 0.1922098088722881, 0.33601412988180135, 0.0043348802501463795, 0.016119298968679953, 9.218032891475728e-05 ],
		[ 0.09760352787734289, 0.3257645949184772, 0.41526321263653615, 0.05947081514388787, 0.02424368225958545, 0.07765416716417049 ],
		[ 0.02067517857081368, 0.01898477571404645, 0.034981046304197884, 0.4991285351749166, 0.2765903627169139, 0.1496401015191115 ],
		[ 0.01137767887408824, 0.014735788212080193, 0.02194173180003894, 0.05261499295871152, 0.17336553858940143, 0.7259642695656797 ],
		[ 0.00922711337030426, 0.035814707533028525, 0.11127405179748659, 0.3104160867728628, 0.48885005740190557, 0.044417983124412364 ]
	],
"modelUserData_1": [
		[ 0.4533744572518986, 0.17985532971350743, 0.18509710612597122, 0.029104151970332563, 0.15256895493829017 ],
		[ 0.4295968612159937, 0.4511107907168621, 0.08924639694612205, 0.0033196213106190323, 0.026726329810403092 ],
		[ 0.09670271818017862, 0.17171041288961447, 0.31874656069127477, 0.01358317371765387, 0.3992571345212783 ],
		[ 0.01955749845129406, 0.1517082178220318, 0.1553704362120326, 0.30750274039501374, 0.36586110711962777 ],
		[ 0.0007684649006349832, 0.045615248857984125, 0.25153950002459946, 0.6464903126063808, 0.055586473610400644 ]
	],
"modelUserData_2": [
		[ 0.7866004960903562, 0.09865755109861375, 0.046160262752257694, 0.045457181512114614, 0.016766377035262008, 0.006144492576786548, 0.00021363893460917948 ],
		[ 0.0360581506352561, 0.35437481781589303, 0.21800565343860298, 0.11074577462981876, 0.06818843790440689, 0.1322267011314617, 0.08040046444456048 ],
		[ 0.13220430217584925, 0.2852227751672904, 0.17204772441348537, 0.392577334778764, 0.005543757321687043, 0.005511897730071561, 0.006892208412852365 ],
		[ 0.016020754121637185, 0.21857627134135413, 0.2910617564024318, 0.3179122778416949, 0.026450471226030017, 0.06605219358502344, 0.06392627548182851 ],
		[ 0.008815490546350339, 0.02849296321627296, 0.009433282507888857, 0.021551360816334044, 0.4929487716841327, 0.17932286978817374, 0.2594352614408474 ],
		[ 0.008946724763115994, 0.0038542727076509146, 0.06412829197258152, 0.08496488338782335, 0.26216808818120313, 0.4370772520849079, 0.13886048690271713 ],
		[ 0.011354081667434922, 0.010821348652924787, 0.1991630285127517, 0.026791187033450348, 0.12793409664727828, 0.17366459310357507, 0.45027166438258504 ]
	],
"modelUserData_3": [
		[ 0.9844398349740812, 0.006325259024114485, 0.008929157257994346, 0.00028609603384268815, 1.811069690880228e-05, 7.489253871375465e-07, 6.91673587086625e-07, 1.01414084291821e-07 ],
		[ 0.014530545198775493, 0.5340964685564654, 0.3998385343050459, 0.04747409144025647, 0.00022014327639481365, 0.001443131123940313, 0.0007631593239744591, 0.0016339267751471188 ],
		[ 4.338833214765684e-05, 0.11701141889192672, 0.37249333633294496, 0.3371219533678513, 0.09635527019821806, 0.04452484875795597, 0.0002827765291068815, 0.032167007589848556 ],
		[ 0.00042374566236911637, 0.21151381442458447, 0.012886981966194368, 0.25893167444504794, 0.2585561106453324, 0.2153459601208476, 0.002066330670768012, 0.04027538206485597 ],
		[ 0.00048726236127071107, 0.037555851111669376, 0.01078143904896528, 0.24882182494156668, 0.6097408825875384, 0.003180117578585323, 0.047714917440757516, 0.04171770492964671 ],
		[ 5.0957693329821954e-05, 0.02605419322578737, 0.13963797828792163, 0.0505781166968553, 0.03386220954080581, 0.177899227832606, 0.12307706201300599, 0.4488402547096881 ],
		[ 2.4986497103336948e-06, 0.04856199437093401, 0.006186614110896372, 0.04104114378475936, 0.0008002582068381016, 0.5004114859277289, 0.010887438463317075, 0.3921085664858158 ],
		[ 2.1767128315704098e-05, 0.018881000394518115, 0.04924595869003713, 0.015745099289820222, 0.0004470148479635131, 0.05719447973294878, 0.8152076238854831, 0.04325705603091362 ]
	],
"modelUserData_4": [
		[ 0.6935524076658282, 0.2489309356872113, 0.04089137565765298, 0.0019300126259878918, 0.0026681788461323385, 0.007898077535886294, 0.001696754607045228, 0.0022777140226098915, 0.00015454335164591555 ],
		[ 0.18886073031005146, 0.5637840923463372, 0.12457142347746857, 0.060526444312970336, 0.022437428153292884, 0.014129162043241108, 0.024698166268919616, 0.0004014672938946934, 0.0005910857938241459 ],
		[ 0.10156057594601921, 0.12095248815584808, 0.05855972889526494, 0.6476209637893714, 0.06343071545352823, 0.005640589534749548, 0.0017364720264768057, 1.2265169683656268e-05, 0.0004862010290580855 ],
		[ 0.00391325107359596, 0.05954826590020771, 0.18177309180769854, 0.09822028868977901, 0.5708765905717478, 0.013660910153210654, 0.004891169620075115, 0.03492202013218952, 0.032194412051495716 ],
		[ 0.004667382278511075, 0.006436144288372111, 0.5331896161993827, 0.1542478800526123, 0.10855415024980315, 0.12381104521724859, 0.009353826043111286, 0.05938034526051135, 0.00035961041044749176 ],
		[ 0.005003950571252793, 6.540642378209171e-05, 0.025157351185730217, 0.01260742724663553, 0.1556942755432532, 0.10060210794824413, 0.1623888503021228, 0.4675320779166523, 0.07094855286232693 ],
		[ 0.0013785713294532111, 6.627455549118193e-05, 0.000991942864155643, 0.01196975083090604, 0.06436262766853182, 0.5867554905893448, 0.28106030381240404, 0.015515386209153121, 0.03789965214056022 ],
		[ 0.0005754304913870291, 2.3575430705225415e-05, 0.011561671141098892, 0.0014678821153798973, 0.008630568957844437, 0.08647558494177579, 0.27356118448655314, 0.244125910774621, 0.3735781916606349 ],
		[ 0.00048770033390111193, 0.00019281721204503948, 0.023303798771547604, 0.011409350336357538, 0.003345464555866217, 0.06102703203629897, 0.2406132728332921, 0.17583281322068448, 0.48378775070000657 ]
	],
"modelUserData_5": [
		[ 0.8964260307913274, 0.05327162992162274, 0.04335292468129614, 0.006389664876567806, 2.083483222537365e-05, 0.0003342653130966674, 0.00019420661119861352, 1.044297266523074e-05 ],
		[ 0.08481247270573564, 0.0466618623510599, 0.8052073050335324, 0.025950885447200717, 0.0037399273591318272, 0.0015964261663968665, 0.013838827368052316, 0.01819229356889033 ],
		[ 0.01872808340923398, 0.6876695934905689, 0.1259095869765127, 0.07505974734962369, 0.08889160361601567, 0.002405479301216453, 0.00015562810019883417, 0.0011802777566298451 ],
		[ 3.174370022195191e-05, 0.033943629620270435, 0.019541326649603702, 0.12417169607558248, 0.6245076354652899, 0.10734835194259665, 0.07239794165436203, 0.01805767489207291 ],
		[ 1.4973613771246557e-06, 0.17382344086759616, 0.005814066803914975, 0.38169382323293494, 0.04372629681759935, 0.006047870178032439, 0.2603420675316299, 0.12855093720691513 ],
		[ 9.328778216620586e-08, 0.002397861150117187, 0.00011168896316791292, 0.10611138864734712, 0.13757936615040628, 0.4309502834876745, 0.14536774900065333, 0.1774815693128514 ],
		[ 7.043593928738838e-08, 0.0008174973518335105, 3.996127492788462e-05, 0.22566865053750593, 0.021877224026925705, 0.37339363398578024, 0.2093150174299744, 0.16888794495711293 ],
		[ 8.308382420985162e-09, 0.00141448524693117, 2.313961704424702e-05, 0.05495414383323741, 0.07965711173240589, 0.07792368962520618, 0.2983885623039305, 0.4876388593328622 ]
	],
"modelUserData_6": [
		[ 0.7506944037957468, 0.0798744810108114, 0.04538846890933675, 0.12404264628410502 ],
		[ 0.23622517841307358, 0.5432538363510823, 0.10267842338127128, 0.1178425618545729 ],
		[ 0.005863909261262492, 0.04922112201331625, 0.5377019620427118, 0.40721300668270943 ],
		[ 0.007216508529917113, 0.3276505606247901, 0.3142311456666801, 0.3509017851786127 ]
	],
"modelUserData_7": [
		[ 0.3494422325856571, 0.2016683284902817, 0.36172311443829896, 0.014147329490006756, 0.07301899499575548 ],
		[ 0.2033507721371348, 0.16043352348671355, 0.1427138162569994, 0.01395077615743825, 0.4795511119617139 ],
		[ 0.14273163822187107, 0.0784620304204027, 0.14299620918916195, 0.2520859794508737, 0.3837241427176907 ],
		[ 0.2247531550760395, 0.5379157817200103, 0.15011615463124284, 0.023509158247867395, 0.06370575032483991 ],
		[ 0.07972220197929752, 0.021520335882591723, 0.20245070548429683, 0.696306756653814, 0.0 ]
	],
"modelUserData_8": [
		[ 0.9427879591249557, 0.020314807728368894, 0.013056813868569666, 0.01024863138507232, 0.013591787893033393 ],
		[ 0.04944175198998465, 0.2579213985143162, 0.18856997552057672, 0.16698854488422454, 0.33707832909089785 ],
		[ 0.0018101411343665135, 0.6882022610619247, 0.30105006650764715, 0.0011722254074290493, 0.007765305888632569 ],
		[ 0.004712054688846581, 0.00754486145105312, 0.1761899553681567, 0.5810125518481315, 0.230540576643812 ],
		[ 0.0012480930618465353, 0.026016671244337077, 0.3211331887350497, 0.24057804647514258, 0.4110240004836242 ]
	],
"activityUserData_0": [
		[ 0.4088129105394182, 0.4104303484653559, 0.08786685198480922, 0.07859058771493246, 0.0142993012954841, 0.0 ],
		[ 0.4383746624243001, 0.19302547046464513, 0.3362799339909076, 0.00542295618152402, 0.026896976938623182, 0.0 ],
		[ 0.10696544570355894, 0.3181993693934631, 0.42836569682833536, 0.06084660715087601, 0.025873974036549188, 0.05974890688721747 ],
		[ 0.01294191295484919, 0.013805985972819861, 0.026494102009360657, 0.5157007849234069, 0.2785651315974211, 0.15249208254214236 ],
		[ 0.028522034135120635, 0.01388354396652539, 0.016104441665243014, 0.0551066341999014, 0.18505442701966535, 0.7013289190135442 ],
		[ 0.004383034242752857, 0.05065528173719054, 0.10488897352134421, 0.2843324298293593, 0.46931018911225697, 0.08643009155709602 ]
	],
"activityUserData_1": [
		[ 0.4463854726755291, 0.1587476264536017, 0.20532327358059138, 0.0576113682384103, 0.13193225905186756 ],
		[ 0.4392476037944729, 0.45773130789968436, 0.10131462663758711, 0.0017064616682555286, 0.0 ],
		[ 0.1039971891978431, 0.15645598049035536, 0.3304747755937247, 0.047371002565386414, 0.3617010521526904 ],
		[ 0.010369734332154903, 0.14482547386504319, 0.16329159488035358, 0.31332357703385766, 0.36818961988859067 ],
		[ 0.0, 0.08223961129131546, 0.19959572930774314, 0.5799875904940901, 0.13817706890685144 ]
	],
"activityUserData_2": [
		[ 0.7850240287446502, 0.07470602901182212, 0.04775038126106358, 0.04992153882905008, 0.009013068129340272, 0.002684444322701597, 0.030900509701372203 ],
		[ 0.028756750416749844, 0.352084294993905, 0.2129435572588199, 0.11513982531543734, 0.07026881486827345, 0.1296264523358755, 0.09118030481093907 ],
		[ 0.12882638174876834, 0.2720221489976784, 0.17974477689794, 0.3925270965312903, 0.003935021121542601, 0.009194884381012663, 0.013749690321767646 ],
		[ 0.009562765121805084, 0.21786088802567605, 0.3082551779356842, 0.3400498131346761, 0.03128373293294352, 0.07360219351141248, 0.019385429337802573 ],
		[ 0.013932397371514006, 0.007533638552248766, 0.01579827053447853, 0.015872078613296935, 0.49046103314211426, 0.16583157403735657, 0.29057100774899103 ],
		[ 0.033254215620007174, 0.011013994727503262, 0.052668876100964816, 0.08648964757624926, 0.26198372074469384, 0.4426707612403607, 0.11191878399022097 ],
		[ 0.000643460976505382, 0.06477900569116637, 0.18283896001104905, 0.0, 0.13305460906109212, 0.17638969017128042, 0.4422942740889064 ]
	],
"activityUserData_3": [
		[ 0.9524186480545677, 0.017704858109894674, 0.004777420140484853, 0.0006692573160741637, 0.0011072939042685971, 0.008339160354720269, 0.01498336211998979, 0.0 ],
		[ 0.0018302486902726962, 0.5381735898383623, 0.38795268196279825, 0.03699329219007462, 0.002142402132263615, 0.004301529253742529, 0.028606255932486026, 0.0 ],
		[ 0.003007371774023616, 0.11950182572084835, 0.37439063551001217, 0.33071058795654507, 0.09135002756704291, 0.04745662558747136, 0.03358292588405661, 0.0 ],
		[ 0.010039300455701054, 0.19287777933451816, 0.017271294690398273, 0.25439065336393185, 0.25851977423030437, 0.19061587175851027, 0.035633606373232984, 0.040651719793403096 ],
		[ 0.008840127676758269, 0.041407236627830454, 0.014342938658264791, 0.26121414892774136, 0.5974852682144798, 0.010141409659533373, 0.061771569040678626, 0.004797301194713326 ],
		[ 0.017570704185947368, 0.03409292856551837, 0.1527649470125062, 0.07041869043793397, 0.04379342970632831, 0.1791774169705347, 0.1581223188105867, 0.34405956431064444 ],
		[ 0.006293599162729343, 0.05624178180302778, 0.004935386149554254, 0.045603369807698906, 0.005601804245312482, 0.5061752267436328, 0.02838592775888557, 0.34676290432915885 ],
		[ 0.0, 0.0, 0.04356469587598115, 0.0, 0.0, 0.05379275967185482, 0.6389140340800837, 0.2637285103720806 ]
	],
"activityUserData_4": [
		[ 0.7028696706719971, 0.24526979166360224, 0.03243215910614923, 0.007242236206573546, 0.006297724301021307, 0.0006928258505425194, 0.00905556874448597, 0.0009283213032897579, 0.013427479289966255 ],
		[ 0.18178807548423007, 0.5487598132456246, 0.11446480981722336, 0.07867045584812832, 0.015508707178248388, 0.01350794354103597, 0.031194493705095007, 0.0026782218904480327, 0.013427479289966255 ],
		[ 0.09053351576926225, 0.11182401017838571, 0.06346411096934902, 0.6216166311752943, 0.08500441950184033, 0.018182828749510764, 0.0017393610167064982, 0.00043887671998377176, 0.013427479289966255 ],
		[ 0.0032944183900011116, 0.05652626354971398, 0.19679019690870278, 0.11282657269345783, 0.563803749618267, 0.009456184839712365, 0.0005584784384396668, 0.035995983832083495, 0.02074815172962174 ],
		[ 0.007123000463302296, 0.002028728374259295, 0.5280934488416855, 0.15060867730771962, 0.10817800492623186, 0.11056404090466491, 0.016755946078002616, 0.06856648872950145, 0.008081664374632438 ],
		[ 0.005960088995878862, 0.003138822615282903, 0.023535447993990197, 0.010704566272985959, 0.16413938954707014, 0.10244837002093503, 0.15432715568991928, 0.4599899555299012, 0.07575620333403656 ],
		[ 0.01117248879680268, 0.010024831257476673, 0.0004178396969558353, 0.01635779784927285, 0.045764028792171396, 0.5749354617935527, 0.2721837839553566, 0.02142310867445452, 0.04772065918395687 ],
		[ 0.0014111903077301926, 0.022427739115654526, 0.004819122413233325, 0.001973062646567543, 0.011303976135149552, 0.07776477688048836, 0.2822492992947256, 0.24134372318672756, 0.35670711001972316 ],
		[ 0.0, 0.0, 0.03598286425271067, 0.0, 0.0, 0.09244756741955752, 0.2319359130772688, 0.16863532013361032, 0.4465513246089255 ]
	],
"activityUserData_5": [
		[ 0.9020258011617697, 0.041529443094909635, 0.03557678427548076, 0.011253839250353014, 0.002286361194059513, 0.005909308988585263, 0.00019920880799726077, 0.008425379698132491 ],
		[ 0.07805032821023383, 0.05361408567260362, 0.8058621499227855, 0.03382143689839642, 0.010098275204313242, 0.006662146621468064, 0.0034661977720668166, 0.008425379698132491 ],
		[ 0.009511246574448627, 0.6799426208113226, 0.11792795648036997, 0.07690134877478565, 0.07000632095685097, 0.00027673738140795295, 0.018299690462493252, 0.027134078558321006 ],
		[ 0.010465782685988237, 0.021701227829607036, 0.009577681370143724, 0.11644395102341772, 0.6219567654566409, 0.08468406166236855, 0.07956411318194931, 0.055606416789884525 ],
		[ 0.002099553306949576, 0.17180221298738327, 0.015865363839555714, 0.3664213331806365, 0.041694925488451356, 0.0035584613269326213, 0.273502043150189, 0.12505610671990197 ],
		[ 0.003152304556033368, 0.0033268485080003947, 0.008558715055109786, 0.11294348027537564, 0.1464197233951337, 0.432390021288194, 0.15229467772225672, 0.14091422919989652 ],
		[ 0.011545742900841668, 0.0026736889889940186, 0.00040868120684447735, 0.2440147895244342, 0.013035256337131592, 0.3681479004616847, 0.20882186023623442, 0.15135208034383496 ],
		[ 0.0, 0.02540987210717936, 0.006222667849710129, 0.03819982107260076, 0.0945023719674186, 0.09837136226935884, 0.26385220866681325, 0.46623556959563095 ]
	],
"activityUserData_6": [
		[ 0.7427128346390373, 0.08498404723283257, 0.03864137856757153, 0.13366173956055866 ],
		[ 0.22067982996093646, 0.5531910585614517, 0.07435428714134518, 0.15177482433626666 ],
		[ 0.007717147570349917, 0.04590421284080828, 0.5376640249391083, 0.4087146146497336 ],
		[ 0.028890187829676364, 0.3159206813649075, 0.349340309351975, 0.30584882145344117 ]
	],
"activityUserData_7": [
		[ 0.34302396244833244, 0.20585053959104332, 0.35901040762045117, 0.013215698433260986, 0.07889939190691209 ],
		[ 0.2080014775474696, 0.16452945072829456, 0.13172633189343522, 0.008373032050895821, 0.48736970777990496 ],
		[ 0.14741635318414084, 0.07976375871705461, 0.13168093410537846, 0.2603249530327456, 0.3808140009606804 ],
		[ 0.2275081470283719, 0.5320378749222904, 0.15482700802260285, 0.03271007067423223, 0.05291689935250257 ],
		[ 0.07405005979168527, 0.017818376041317086, 0.22275531835813228, 0.6853762458088652, 0.0 ]
	],
"activityUserData_8": [
		[ 0.945124694946098, 0.023102957927823124, 0.01337899609442071, 0.014656825433640868, 0.003736525598017246 ],
		[ 0.053586092677608686, 0.24726405722608244, 0.1785755252237048, 0.17077787218308918, 0.3497964526895149 ],
		[ 0.000837315053613152, 0.6910110383095691, 0.29860124197111976, 0.005813879067680794, 0.003736525598017246 ],
		[ 0.00045189732268011325, 0.015581836590892979, 0.18598194887749153, 0.5791637458566566, 0.21882057135227878 ],
		[ 0.0, 0.023040109945632277, 0.3234622878332631, 0.22958767745893258, 0.42390992476217165 ]
	]
}