{
"user": "user_4",
"user_info": {
	"active":false,
	"json_timestamp":"2019-10-23 21:28:43.213159",
	"json_timestamp_epoch":"1571858923213.1953",
	"json_timestamp_epoch_info":"json_timestamp_epoch is the time in milliseconds since the epoch as a floating point number. Epoch is designed to be January 1, 1970, 00:00:00 (UTC)"
},
"modelUserData_0": [
		[ 0.5412522396682314, 0.4546707831715192, 0.001811101137884582, 0.001492561822917051, 0.0002341963524619203, 0.00018097715737273488, 0.00026220976126406796, 4.070712095403814e-05, 5.522380739495658e-05 ],
		[ 0.43236246424280683, 0.44669143328277017, 0.04123763824258292, 0.05776209417051884, 0.0016017133460314444, 0.004741704849726015, 0.0019400351019327744, 0.0027124844806722184, 0.010950432282958843 ],
		[ 0.015560630903414658, 0.06327447150306628, 0.5165149241041523, 0.34327998571830454, 0.03408566180479898, 0.015642919114761997, 0.002196725766901318, 0.00047348284710339286, 0.008971198237496484 ],
		[ 0.006817921202034598, 0.02448647132973547, 0.3313533175816421, 0.5432104470728075, 0.040067470766457794, 0.052576961213399886, 0.00021273347663250573, 0.00018288075929276499, 0.0010917965979973354 ],
		[ 0.00043233713672809703, 0.006104739253668835, 0.04862292350972386, 0.03248176322609421, 0.20377587463674562, 0.10275849882851733, 0.23248136018333262, 0.0490858992284109, 0.3242566039967786 ],
		[ 0.00015661111139129392, 0.0013447647566810965, 0.0377164792019073, 0.0029215612534846075, 0.392299231994447, 0.2082744518745171, 0.07424621530842253, 0.1522491007198536, 0.13079158377929534 ],
		[ 0.000649585860327892, 0.0017335678989587999, 0.006069014849145357, 0.007786030993300888, 0.28717613961808724, 0.4511967463029849, 0.03792010243629765, 0.18902545571200366, 0.01844335632889349 ],
		[ 0.0008393029690194015, 0.0015121031309429042, 0.012006706449748841, 0.006172639262000701, 0.03105279687407352, 0.06847504326267573, 0.07552957712764549, 0.40127539043373467, 0.4031364404901588 ],
		[ 0.0019289069060457892, 0.0001816656726572345, 0.0046678949232127065, 0.00489291648057171, 0.009706914606896499, 0.09615269739604437, 0.5752110408375709, 0.2049545986979749, 0.10230336447902616 ]
	],
"modelUserData_1": [
		[ 0.4995432135124074, 0.10279300560956676, 0.0931951173343764, 0.30446866354364943 ],
		[ 0.30880835486215086, 0.45736989238052783, 0.06752309809010401, 0.1662986546672173 ],
		[ 0.1366335546281533, 0.1276241819513349, 0.4298505804220298, 0.30589168299848196 ],
		[ 0.055014876997288464, 0.31221292005857054, 0.4094312041534898, 0.22334099879065133 ]
	],
"modelUserData_2": [
		[ 0.379928009265452, 0.582355759511652, 0.010582663086408463, 0.01434085719033655, 0.0010585948667250844, 0.011612604439761547, 0.00012151163966437999 ],
		[ 0.6192437615799465, 0.3264031299588211, 0.032314758438890645, 0.016185018474766884, 0.002896613718227725, 8.541473954370697e-05, 0.0028713030898034077 ],
		[ 0.0005049190323273544, 0.08473075860161748, 0.2191006409049923, 0.11175498844151298, 0.4878647487388905, 0.06228196099433497, 0.03376198328632446 ],
		[ 2.2457866947305427e-05, 0.002804619631578746, 0.194186830780197, 0.7403101258305712, 0.008250206303931048, 0.014965983805309072, 0.039459775781465666 ],
		[ 0.00025730015796462653, 8.042538402940382e-05, 0.34884704252155857, 0.0799711137703898, 0.17109667766531847, 0.1912654378682016, 0.20848200263253747 ],
		[ 3.22984003414861e-05, 0.0025559347142376475, 0.05951232421792946, 0.02084697778381355, 0.05285718935162108, 0.5811322321349761, 0.28306304339708066 ],
		[ 1.1253697020683964e-05, 0.0010693721980636582, 0.1354557400500236, 0.016590918508609102, 0.2759759693552861, 0.1386563660178729, 0.43224038017312394 ]
	],
"modelUserData_3": [
		[ 0.9290919767343115, 0.019894393468862175, 0.013473937724098963, 0.037539692072727324 ],
		[ 0.009643152999662289, 0.9738862612960071, 0.009612944898944844, 0.006857640805385732 ],
		[ 0.0142977580387788, 0.0037699219505515076, 0.5114344101720089, 0.4704979098386609 ],
		[ 0.04696711222724737, 0.0024494232845792834, 0.46547870720494733, 0.485104757283226 ]
	],
"modelUserData_4": [
		[ 0.35841373082244987, 0.5609292637216082, 0.0642119686910527, 0.011021479624518889, 0.0011838217977453531, 0.0008315510072434038, 0.0009688314429495932, 0.0008417709622559037, 0.0015975819301760614 ],
		[ 0.2261317256582471, 0.36382525889452283, 0.011285980552619642, 0.33463699559889637, 0.053623839228916184, 0.01033011140256176, 8.060226567327269e-05, 3.9906504300235666e-05, 4.557989426257445e-05 ],
		[ 0.26343676024092405, 0.042565816246084236, 0.6905736996369592, 0.0005873301707963768, 0.0017136536567107145, 0.00027822742022549007, 0.00040533955590506287, 0.00032969487888461976, 0.00010947819351025002 ],
		[ 0.1429246207284613, 0.002632023871381918, 0.045728867882259404, 0.5346832175065316, 0.22024730479012541, 0.042431213849819426, 0.0003454019943995601, 0.00122268801760383, 0.009784661359417506 ],
		[ 0.0008962186453540618, 0.004130385306006396, 0.12943567476033604, 0.0761254050661544, 0.170276238544879, 0.5881052131892798, 0.023285014064752647, 0.004226689029347182, 0.0035191613938904765 ],
		[ 0.006384950840168006, 0.010228695141469997, 0.015255130986245266, 0.023494077865885546, 0.29736542728867194, 0.3372793531007928, 0.06685907800896985, 0.11916010873056793, 0.12397317803722874 ],
		[ 0.0010882227100568265, 0.0071293512331599765, 0.04138190408426042, 0.008586922124356473, 0.010084439079686347, 0.020708799005849425, 0.29552923785953855, 0.5345311676752688, 0.08095995622782315 ],
		[ 0.00011284692913360893, 0.00809479518322062, 0.00019903754757773798, 0.009191833869452172, 0.17791391442203094, 1.5616871414905838e-06, 0.5153285648332546, 0.13469923369208534, 0.15445821183610334 ],
		[ 0.0006109234252051511, 0.0004644104025457955, 0.0019277358586895026, 0.0016727381734081507, 0.06759136119123399, 3.396933708633586e-05, 0.09719792997455678, 0.20494874050968628, 0.625552191127588 ]
	],
"modelUserData_5": [
		[ 0.7376974792618544, 0.0796468806010717, 0.16335429152641454, 0.014951698143294521, 0.00344889274775496, 0.0009007577196099266 ],
		[ 0.04948839432551898, 0.8495531387534376, 0.026358513685245395, 0.03388759208332289, 0.021550430302592762, 0.019161930849882335 ],
		[ 0.14523658297907815, 0.0010669121996269792, 0.07614783336573412, 0.368872483124772, 0.4025022976678969, 0.006173890662891812 ],
		[ 0.04571335320785033, 0.013947877504254908, 0.18546201993490552, 0.2917824200104638, 0.36043684228883066, 0.10265748705369487 ],
		[ 0.009801800803056886, 0.049644744644412285, 0.07058583991535451, 0.1993336035823014, 0.1336614145275911, 0.5369725965272839 ],
		[ 0.012062389422641274, 0.00614044629719647, 0.4780915015723458, 0.09117220305584528, 0.07840012246533365, 0.33413333718663696 ]
	],
"modelUserData_6": [
		[ 0.8928972677759808, 0.015645740782371863, 0.0036044856333407316, 0.023793655946198724, 0.0640588498621079 ],
		[ 0.02056000562421538, 0.0050054510566163255, 0.0515440381002535, 0.37773159920964633, 0.5451589060092685 ],
		[ 0.0835310225848639, 0.5522539120961062, 0.36225161556354857, 0.000531290131750648, 0.0014321596237307022 ],
		[ 0.002295617881563954, 0.13163496894584448, 0.5254764411860935, 0.07331189701980524, 0.26728107496669284 ],
		[ 0.0007160861333759881, 0.2954599271190611, 0.057123419516763696, 0.5246315576925991, 0.12206900953820005 ]
	],
"modelUserData_7": [
		[ 0.5715223599899585, 0.10495101442908418, 0.1839089137071563, 0.0017619820517723128, 0.09797187483987459, 0.039883854982154146 ],
		[ 0.3090724292213833, 0.14468255609702457, 0.4543086312395355, 0.05552115292122931, 0.03466625621201187, 0.0017489743088153278 ],
		[ 0.06964098410669219, 0.7138098220959259, 0.20570827766800762, 0.006381923122253408, 0.00024130059590652043, 0.004217692411214367 ],
		[ 0.008245780418114596, 0.018272227932473645, 0.10028601508651358, 0.4162832479607765, 0.10419699746324357, 0.3527157311388781 ],
		[ 0.018453615476189025, 0.010666577490679043, 0.015547064891995597, 0.3126046568907587, 0.538038911631623, 0.10468917361875463 ],
		[ 0.02306483078766243, 0.007617801954812601, 0.04024109740679135, 0.20744703705320983, 0.22488465925734047, 0.4967445735401833 ]
	],
"activityUserData_0": [
		[ 0.5411734175012971, 0.4431779462242107, 0.00429139593930379, 0.0009838813963549452, 0.0025932817450522896, 0.006301492454996209, 0.01628151821760152, 0.0055753239140899375, 0.0 ],
		[ 0.4192454032788333, 0.44316958821862396, 0.01830696493231149, 0.05406392432940581, 0.005859915157425713, 0.01723495645882544, 0.011487511522957204, 0.00411955386570284, 0.026512182235914294 ],
		[ 0.01738783378965795, 0.05609609159883199, 0.5259958915334659, 0.3411665963690107, 0.021862466106350974, 0.013727898755999538, 0.012384372146316363, 0.011378849700366579, 0.0 ],
		[ 0.003085085555988549, 0.014059388066867006, 0.32271554115856016, 0.543402885555804, 0.035670946741469804, 0.06676810291230315, 0.018017230742447703, 0.0029150724033761184, 0.0 ],
		[ 0.0003569263818700803, 0.008177146288572319, 0.06665006249830031, 0.0423751534003943, 0.18939552047090707, 0.10547963571470509, 0.2409642325473524, 0.0530642945318415, 0.29353702816605687 ],
		[ 0.013028037840333614, 0.0008899088014019046, 0.029213983167555926, 0.0042604002079022416, 0.39871521796683734, 0.2084700685478078, 0.0992207236915714, 0.18308605555404725, 0.0631156042225425 ],
		[ 0.0012328376694751763, 0.014185795984964172, 0.01086237737953992, 0.0002754082568821861, 0.28067421285066113, 0.46146448914842286, 0.038297809879025035, 0.19300706883102942, 0.0 ],
		[ 0.004490457982544283, 0.020244134816527974, 0.021963783390962357, 0.013471750484245953, 0.03141278739545367, 0.07015834864975462, 0.10384488819519241, 0.39922221597957697, 0.31481337571283524 ],
		[ 0.0, 0.0, 0.0, 0.0, 0.03381565156584213, 0.05039500735718528, 0.459501713057536, 0.1476315652199694, 0.30202180966265124 ]
	],
"activityUserData_1": [
		[ 0.4947911732165537, 0.09956886728023692, 0.11021612598497713, 0.2954238335182322 ],
		[ 0.3056309428280109, 0.47128956471055017, 0.047659647525926524, 0.17541984493551246 ],
		[ 0.1230900934294225, 0.12428658352391357, 0.42662925662778634, 0.3259940664188777 ],
		[ 0.07648779052601286, 0.3048549844852993, 0.41549496986131, 0.20316225512737768 ]
	],
"activityUserData_2": [
		[ 0.36479337780215987, 0.5781271658147875, 0.0017055020805808664, 0.02680026720164732, 0.005511338566770802, 0.011858987002347802, 0.011203361531705836 ],
		[ 0.6053540635355115, 0.30770640535334826, 0.02119348871222745, 0.020640982348373416, 0.003377955841559778, 0.0023048188214636676, 0.03942228538751597 ],
		[ 0.006784942769240215, 0.09481166228970438, 0.21953446885935066, 0.11698478701128481, 0.4935058493576624, 0.04655693045703798, 0.02182135925571949 ],
		[ 0.003866779400946488, 0.0057740863881738215, 0.19407222248050635, 0.7332794950174524, 0.014637935679249908, 0.021597520969297505, 0.026771960064373535 ],
		[ 0.007785222282369662, 0.0038852444245503098, 0.342910404097464, 0.07395534946352503, 0.1632947426366925, 0.19281257866972565, 0.2153564584256729 ],
		[ 0.011415614209772348, 0.009695435729435691, 0.07485740968042354, 0.028339118957717145, 0.06854748060522435, 0.5839569761763758, 0.22318796464105117 ],
		[ 0.0, 0.0, 0.1457265040894471, 0.0, 0.2511246973128403, 0.1409121879037516, 0.46223661069396116 ]
	],
"activityUserData_3": [
		[ 0.9412453133626797, 0.017738907150574152, 0.006783877730062888, 0.03423190175668327 ],
		[ 0.011641890323050567, 0.983242261094529, 0.005587210035917906, 0.006219265055108299 ],
		[ 0.02119999447755748, 0.005238096810005224, 0.5266437371645406, 0.4469181715478967 ],
		[ 0.025912801836712265, 0.0, 0.46098517506947867, 0.5064113965852035 ]
	],
"activityUserData_4": [
		[ 0.33836523072493485, 0.5707804265844579, 0.060771913449607015, 0.0016552889770758625, 0.022995444569796387, 0.0013078087716698495, 0.0008480741701276155, 0.0036350752516810317, 0.011503008722668052 ],
		[ 0.24699496832223145, 0.3539248403421367, 0.015483516358756565, 0.3250271301144435, 0.04086311528887028, 0.006530515242563055, 0.002662969626619779, 0.0008330449711653717, 0.01803962450233098 ],
		[ 0.2581379596152539, 0.03654862847717678, 0.6722599254708055, 0.0065511416593204705, 4.9450206009792486e-05, 0.0012298061670256016, 0.00820523273926502, 0.00551484694247495, 0.011503008722668052 ],
		[ 0.128668345886294, 0.01096951345494979, 0.03958448854338195, 0.5297908095669189, 0.21454971476689433, 0.011898963331189876, 0.004199075666582767, 0.015757195088773844, 0.04458189369501457 ],
		[ 0.008509512458890714, 0.0008740582472267036, 0.12558449680397032, 0.07385759006301493, 0.15478210295860367, 0.6094078905148748, 0.01170115639462765, 0.006089895890097945, 0.009193296668693325 ],
		[ 0.00013578989458069499, 0.008970837389352794, 0.016349037347561646, 0.032799197050194934, 0.2937815295954194, 0.34638180510427763, 0.053731725876328976, 0.10721444880474118, 0.1406356289375427 ],
		[ 0.0046636136836377545, 0.015301153851591809, 0.04679970715000933, 0.004536096675377285, 0.011504767268749763, 0.020705847772659047, 0.29617196048273753, 0.531222282328142, 0.06909457078709567 ],
		[ 0.014524579414176605, 0.0026305416531075096, 0.003320127891026659, 0.011608746528864398, 0.18286546744560148, 0.0025373630957402846, 0.5173125305300805, 0.14186291835015805, 0.12333772509124459 ],
		[ 0.0, 0.0, 0.019846786984880956, 0.014173999364789629, 0.07860840790005488, 0.0, 0.10516727451363003, 0.18787029237276576, 0.5721112428727421 ]
	],
"activityUserData_5": [
		[ 0.7269469685128076, 0.07893747456984661, 0.1593832245202463, 0.003252773637208375, 0.01556151032016432, 0.015918048439726773 ],
		[ 0.04389119845915157, 0.8566285346775979, 0.014970256731298717, 0.023657526644666294, 0.01550028633252884, 0.04535219715475666 ],
		[ 0.1493534179007946, 0.009755893324123365, 0.06014688725850067, 0.36549937871694044, 0.4135854396567125, 0.0016589831429283386 ],
		[ 0.03936519739525407, 0.00815673006354058, 0.17025947766167548, 0.30439236140899917, 0.36434185588110946, 0.11348437758942131 ],
		[ 0.011374368908311122, 0.04057522167346924, 0.06867956801958307, 0.1975620806527839, 0.13053341681618572, 0.5512753439296669 ],
		[ 0.02906884882368104, 0.005946145691422329, 0.5265605858086957, 0.10563587893940196, 0.060477490993299216, 0.27231104974349996 ]
	],
"activityUserData_6": [
		[ 0.8972485605670096, 0.004709787252309696, 0.011165594707163409, 0.03755124123961418, 0.049324816233903085 ],
		[ 0.02646273693006739, 0.0062660142811973305, 0.05963746157862832, 0.3841163290882749, 0.523517458121832 ],
		[ 0.06768295271426962, 0.5690465703258055, 0.34666480227600344, 0.005078585607504436, 0.011527089076417002 ],
		[ 0.008605749788653359, 0.12405805940818973, 0.5179470889736649, 0.06486241975018525, 0.28452668207930676 ],
		[ 0.0, 0.2959195687324977, 0.06458505246453983, 0.5083914243144212, 0.13110395448854117 ]
	],
"activityUserData_7": [
		[ 0.5936559992753497, 0.11341007924316543, 0.16791062124735545, 0.009733604282895252, 0.09942612451050388, 0.015863571440730202 ],
		[ 0.30076760819597553, 0.13728403185927465, 0.4474931113784111, 0.05000402680807677, 0.021401347702461954, 0.04304987405580004 ],
		[ 0.068424166089869, 0.7033746732953744, 0.2131095701825502, 0.0027719132448573184, 0.009303993311167437, 0.0030156838761816246 ],
		[ 0.002863152704894843, 0.023938652785500277, 0.08162572618657195, 0.42261426947649827, 0.12286854746369527, 0.34608965138283954 ],
		[ 0.03428907373391085, 0.003721420558098874, 0.023972063723284476, 0.3147548501485363, 0.5351285887470487, 0.08813400308912067 ],
		[ 0.0, 0.01827114225858641, 0.06588890728182686, 0.200121336039136, 0.21187139826512275, 0.5038472161553279 ]
	]
}