{
"user": "user_2",
"user_info": {
	"active":false,
	"json_timestamp":"2019-10-24 19:00:33.805337",
	"json_timestamp_epoch":"1571936433805.3586",
	"json_timestamp_epoch_info":"json_timestamp_epoch is the time in milliseconds since the epoch as a floating point number. Epoch is designed to be January 1, 1970, 00:00:00 (UTC)"
},
"modelUserData_0": [
		[ 0.05782077555927012, 0.4452078440327914, 0.2831918278265964, 0.01878575538889265, 0.07286005225373367, 0.0544127344245421, 0.05715366482520128, 0.00027192261115806184, 0.010295423077814302 ],
		[ 0.8547102935494321, 0.12415957872240183, 0.021068602707699922, 2.7754284999192837e-05, 3.0471314364956843e-05, 2.3661902562018176e-06, 2.0796462777063195e-07, 5.498801006188638e-07, 1.753861174465531e-07 ],
		[ 0.7726317945199381, 0.18611895151018085, 0.03726272827720046, 0.002380558256593121, 0.0002251413740943129, 9.038019292497524e-05, 7.925248411708846e-05, 0.001044296891761532, 0.00016689649318953406 ],
		[ 0.8060804510257652, 0.13381430100973282, 0.058914178752984776, 0.000887694572702464, 0.00016001586573122472, 9.929667978351056e-06, 3.831649164813537e-05, 2.722813324950247e-05, 6.788448020752492e-05 ],
		[ 0.570036839424928, 0.010141938411655584, 0.346386758706917, 0.06369799795774492, 0.0006019413545394673, 0.005838410658708751, 0.001050123121244401, 0.0012786755834916846, 0.0009673147807702336 ],
		[ 0.5409263114020553, 0.17852261622381344, 0.2352430836470296, 0.015484167852477424, 0.0151483145266634, 0.005782302493328354, 0.004894796697808012, 0.003023135986114131, 0.0009752711707103874 ],
		[ 0.28341706470072947, 0.6370077682107219, 0.03245790512629075, 0.016282211169990596, 0.02593189429886459, 0.002054459742446109, 0.0024777353315708637, 0.0001365456937014362, 0.0002344157256842696 ],
		[ 0.9631999568978888, 0.023501795398927574, 0.006827023748719032, 0.0028103865325094196, 0.003560654577502184, 1.4874407321877562e-05, 6.923201378059086e-05, 4.011107283732746e-06, 1.2065316066746804e-05 ],
		[ 0.06037099226643061, 8.129053049367369e-05, 0.7589487360998525, 0.1548872072585902, 0.02359874745958835, 0.0019809021339934137, 5.641313489199395e-05, 2.417289775529307e-05, 5.153821840400076e-05 ]
	],
"modelUserData_1": [
		[ 0.37147853097530814, 0.371707878387056, 0.012668960536853277, 0.051934182940206346, 0.0589493542207218, 0.13326109293985444 ],
		[ 0.1379550177510782, 0.77253456053154, 0.055217885497430265, 0.020139599833511223, 0.005800753277428973, 0.008352183109011311 ],
		[ 0.3625824570101307, 0.3004886219597835, 0.12396389728553954, 0.12450651892678552, 0.0386311793486078, 0.04982732546915297 ],
		[ 0.4616786666322025, 0.3779425075786365, 0.03733576137350129, 0.08915588420756063, 0.030819000092540575, 0.003068180115558535 ],
		[ 0.49515686463104336, 0.3770253464178183, 0.11388668065407846, 0.0020317561903042715, 0.0003544245448462186, 0.01154492756190937 ],
		[ 0.1938293470417064, 0.694358066864362, 0.006018394542148301, 0.10114393469344563, 0.0011280445067043383, 0.0035222123516333737 ]
	],
"modelUserData_2": [
		[ 0.9413738560249829, 0.03628713537788187, 0.01964328255455017, 0.002105670491286252, 0.0005900555512987934 ],
		[ 0.6864751959508849, 0.033905513090234374, 0.17996050705778774, 0.031149991986269474, 0.06850879191482351 ],
		[ 0.6662798717714576, 0.17642773442154852, 0.04059692204199711, 0.052568053638348135, 0.0641274181266486 ],
		[ 0.5652994165518458, 0.19014449802940847, 0.06607716329566202, 0.15814834344408985, 0.020330578678993877 ],
		[ 0.9518327521712805, 0.02518409668068416, 0.022630591048244646, 9.501212979853167e-05, 0.0002575479699921666 ]
	],
"modelUserData_3": [
		[ 0.34039140433279236, 0.2537409965782045, 0.07935994455706485, 0.3256436160506706, 8.992503194370302e-05, 0.0006085511366516503, 5.590615258252001e-05, 0.00010965616008983041 ],
		[ 0.5653250713706145, 0.09174948591205298, 0.21068523145270715, 0.03650871587027328, 0.043115416852461515, 8.274939805446517e-05, 0.04723052722252897, 0.005302801921307117 ],
		[ 0.9914076506877395, 0.008160694940609916, 0.0003048935161449842, 3.71838062633265e-05, 6.729951802318207e-05, 8.514374499957002e-06, 7.699474162160667e-06, 6.0636825569679815e-06 ],
		[ 0.8265142580355113, 0.10951676288697382, 0.03937674133777435, 4.985282082183374e-05, 0.02288799008826348, 0.0007390568384982537, 0.00030005739286960816, 0.0006152805992873946 ],
		[ 0.9477222436238846, 0.036852014567861184, 0.011664866477277712, 0.0015661223307953177, 0.0015494509630854005, 4.174961727806249e-05, 0.00027133469778237504, 0.0003322177220353736 ],
		[ 0.8266428968438875, 0.00028902490226398795, 0.14389170935321774, 0.00800575740183224, 0.0007595365127297213, 0.0008332557573838625, 0.0020194129754248953, 0.01755840625326008 ],
		[ 0.22820033406316786, 0.4756138147948373, 0.06483187488867263, 0.0352080899776418, 0.13976462222400604, 0.024916180996248812, 0.002509926455060781, 0.028955156600364778 ],
		[ 0.989643586993019, 0.0024772111433732287, 0.006255602225285542, 0.001306880835834251, 0.00010951777759000225, 0.0001003422740084884, 7.882444162164991e-05, 2.803430926781845e-05 ]
	],
"modelUserData_4": [
		[ 0.586255450730163, 0.27265708496056695, 0.13473420538601488, 0.004272646504068007, 0.002080612419187105 ],
		[ 0.5066476250857598, 0.4014165340885668, 0.051744682482841454, 0.03251739692390259, 0.007673761418929365 ],
		[ 0.2547245211286385, 0.17632162823801356, 0.2861575829114447, 0.1467043061407032, 0.1360919615812 ],
		[ 0.7026353299112429, 0.14550347558920865, 0.07314118695411054, 0.053783881840597784, 0.02493612570484014 ],
		[ 0.10472692518983961, 0.5899777160816237, 0.1820144408097435, 0.07050886570100569, 0.052772052217787455 ]
	],
"modelUserData_5": [
		[ 0.41110379552733733, 0.4416749878999912, 0.06691467856728002, 0.00363588683673649, 0.07667065116865494 ],
		[ 0.6779704470983361, 0.10954709019201152, 0.10305301707730334, 0.0030978550762165973, 0.10633159055613244 ],
		[ 0.7362067911868146, 0.05724379917722671, 0.1358457466048311, 0.010809703399521631, 0.05989395963160592 ],
		[ 0.7015043412170973, 0.10863371207047015, 0.03419274272517369, 0.06241406467010852, 0.09325513931715038 ],
		[ 0.5735364622390645, 0.21326729234871555, 0.011640664486180525, 0.09168222505341772, 0.10987335587262168 ]
	],
"activityUserData_0": [
		[ 0.06035899537502294, 0.4506390789834756, 0.2858026905613492, 0.017194328889505568, 0.051240079486826226, 0.044471385622591536, 0.04358690860849284, 0.003989959864691215, 0.0427165726080448 ],
		[ 0.8520457502147685, 0.12615285502857498, 0.02038310402277527, 0.0005140781871501039, 0.008413014443316151, 0.006298264856005481, 0.0022046252562041863, 0.021395952438938295, 0.0 ],
		[ 0.7691479401676057, 0.17522000625752548, 0.027618773628121936, 0.0019085127659277607, 0.007303514378988851, 0.007479340352565412, 0.007951516744777126, 0.0033703957044877875, 0.0 ],
		[ 0.8051804614451006, 0.1230493288989474, 0.042528787459495176, 0.004780039703520517, 0.0012662550632913574, 0.004134307350337303, 0.012439106331024184, 0.006621713748283525, 0.0 ],
		[ 0.5649756633098423, 0.019486234724365503, 0.336459807519324, 0.06678094658550253, 0.0006633868344574807, 0.003043946612173805, 0.01000180769512438, 0.001953692053740685, 0.0 ],
		[ 0.537283079459959, 0.16386947469760996, 0.23606820803544484, 0.029787123561617175, 0.01758100198459458, 0.00678065405871672, 0.009455657220440936, 0.00020433487121475054, 0.0 ],
		[ 0.2800834387185212, 0.6311199345399804, 0.02700383461164532, 0.0018778498196005947, 0.0329680111123163, 0.016298812068605468, 0.007522494044527329, 0.0031256250848033444, 0.0 ],
		[ 0.9693234988411824, 0.018649264194619784, 0.006438024895556282, 0.001109300515662217, 0.0012260492243456886, 0.0023801605571619183, 0.0002037539558421331, 0.0006699478156295749, 0.0 ],
		[ 0.05033641393077294, 0.005441843526029184, 0.7393713819489962, 0.15192575538000164, 0.02796774461032362, 0.0035845264670221156, 0.021746206016457877, 0.005732416319843525, 0.0 ]
	],
"activityUserData_1": [
		[ 0.36838907166199886, 0.388941131355544, 0.001637487214952181, 0.05206060966315819, 0.04583887830354467, 0.1431328218008021 ],
		[ 0.13374945380705694, 0.7729516863663062, 0.05326510442292602, 0.017207299469068158, 0.006382532580825205, 0.016443923353817495 ],
		[ 0.35856734002523744, 0.31192425816690816, 0.11896550413446012, 0.11455570898186813, 0.04199027491308576, 0.05399691377844045 ],
		[ 0.45350687299736175, 0.3810830467690883, 0.036538245109800485, 0.08546667843794005, 0.01990038433239532, 0.023504772353414187 ],
		[ 0.49065784039472427, 0.3940776091919072, 0.111145025032838, 0.005423123050791663, 0.001477470224991554, 0.0 ],
		[ 0.1803950869058275, 0.6983639474856083, 0.014574624363377156, 0.08887971164306317, 0.010002904096795492, 0.007783725505328413 ]
	],
"activityUserData_2": [
		[ 0.9602624988196359, 0.023700950539402323, 0.014249530745801766, 0.0017870198951600398, 0.0 ],
		[ 0.6974849361386684, 0.05459552403075979, 0.19000157901638007, 0.02707355313775472, 0.030844407676437067 ],
		[ 0.660736365877034, 0.17365560947223407, 0.054884560099043814, 0.05636675662223646, 0.05435670792945166 ],
		[ 0.5604356244950702, 0.20219640881827708, 0.05390315153832285, 0.17888693351410737, 0.004577881634222486 ],
		[ 0.9434111370088085, 0.03262322674717747, 0.0023050855391242957, 0.014313993466336813, 0.0073465572385529 ]
	],
"activityUserData_3": [
		[ 0.3391672664986042, 0.2496251362766182, 0.08125031399621287, 0.32061751146694867, 0.0009026078565257707, 0.003339277622491936, 0.0032229759563696756, 0.0018749103262287181 ],
		[ 0.5661683229684624, 0.0878348766065125, 0.20904774021231085, 0.021700106304675247, 0.04609250388912677, 0.01793196145250674, 0.0494917309820015, 0.0017327575844039503 ],
		[ 0.9692057600205592, 0.023734638977454613, 0.001131204366656929, 0.00012615998479243053, 0.0026299851280739963, 0.0004882857005072856, 0.0026839658219554668, 0.0 ],
		[ 0.8251278495801764, 0.10232591679444218, 0.03042917505407767, 0.002948776285653881, 0.028096501609680084, 0.007918318208597624, 0.0031534624673722157, 0.0 ],
		[ 0.9335977903865261, 0.028080250818017793, 0.00032686218360746325, 0.010344599518674329, 0.013373703472353188, 0.005544913650952142, 0.008731879969868978, 0.0 ],
		[ 0.8271116159016894, 0.003899510915767732, 0.12723906202937646, 0.012263364331119188, 0.011292006381443375, 0.0018057311606670032, 0.0031895029050101774, 0.013199206374926706 ],
		[ 0.23678677880407628, 0.4671932375176937, 0.06929472435612596, 0.046276944912678794, 0.143895521198088, 0.011632161196828916, 0.005313772305084522, 0.019606859709423843 ],
		[ 0.9921418899730564, 0.0021922640462722974, 0.0013697435074655337, 0.0008307940490470045, 0.004675613832502008, 0.0012167076557992656, 0.005339895890711766, 0.0 ]
	],
"activityUserData_4": [
		[ 0.600070124549359, 0.2646519579599022, 0.14046015345806115, 0.0005152487595115091, 0.0 ],
		[ 0.508564646567918, 0.4012441769168118, 0.06381806118322617, 0.02637311533204408, 0.0 ],
		[ 0.2528091821893918, 0.15926413157016975, 0.27581333193023916, 0.1515655949873492, 0.16054775932285006 ],
		[ 0.6943261280268903, 0.1469161961562328, 0.0837605997922589, 0.06314629568061919, 0.011850780343998793 ],
		[ 0.10011221629876242, 0.5951627256928447, 0.1909373069681675, 0.05383132574824526, 0.05995642529198014 ]
	],
"activityUserData_5": [
		[ 0.4192048368205509, 0.4552540147127411, 0.07202522333076188, 0.006868338544903438, 0.04664758659104274 ],
		[ 0.6818416158521305, 0.10759805759676594, 0.09570895955044668, 0.011303730996397393, 0.10354763600425944 ],
		[ 0.741910258927948, 0.06766089937080114, 0.13129200985291542, 0.01473405524360235, 0.04440277660473305 ],
		[ 0.6970567057776466, 0.10928041031959124, 0.03361872077765713, 0.0640281236438681, 0.09601603948123698 ],
		[ 0.5665333533367197, 0.19838066147633582, 0.0034658590175755555, 0.07861224404436132, 0.15300788212500757 ]
	]
}