{
"user": "user_0",
"user_info": {
	"active":true,
	"json_timestamp":"2020-01-23 12:05:08.448810",
	"json_timestamp_epoch":"1579777508448.8333",
	"json_timestamp_epoch_info":"json_timestamp_epoch is the time in milliseconds since the epoch as a floating point number. Epoch is designed to be January 1, 1970, 00:00:00 (UTC)"
},
"modelUserData_0": [
		[ 0.7418957421022572, 0.18707008127481473, 0.001362821234798068, 0.05510575798321459, 0.0068819294212079385, 0.006561380819135261, 0.0011222871645722417 ],
		[ 0.9733244212234299, 0.00896997586154579, 0.012819813347926878, 0.000710340704243229, 0.0027288081016908473, 0.00032216168467111793, 0.001124479076492256 ],
		[ 0.7869193477536954, 0.0567877626035746, 0.02377100591245248, 0.041183252591921043, 0.009934170301569137, 0.03393871439120238, 0.047465746445584926 ],
		[ 0.2891210724588529, 0.6813589315361132, 0.016326068449191645, 0.007426698114030204, 0.005410118150129618, 0.00011797360896625488, 0.00023913768271624383 ],
		[ 0.6229029388565455, 0.16121386852682235, 0.18564841110948363, 0.027520666973865453, 0.0010908835667445345, 0.0010471000685086285, 0.0005761308980299458 ],
		[ 0.5519286075935891, 0.2902282786087417, 0.06618001152140199, 0.016746557722881188, 0.06643841564165617, 0.004664130368099069, 0.003813998543630818 ],
		[ 0.5195084957983835, 0.4009389953402578, 0.07285130673715332, 0.004379479134471024, 0.0008499150608860135, 0.001157837744193858, 0.0003139701846544623 ]
	],
"modelUserData_1": [
		[ 0.6349468148665376, 0.1692417220352496, 0.10130012696578125, 0.03700582213428384, 0.039075871973358704, 0.01842964202478902 ],
		[ 0.839526091477159, 0.020759092745714466, 0.03356262171379, 0.009795258330145497, 0.07370294105465708, 0.022653994678534004 ],
		[ 0.8428471983733202, 0.013225560215805572, 0.14145687145972075, 0.0024617418090602753, 7.444323860202491e-06, 1.1838182329837928e-06 ],
		[ 0.0027535442082883277, 0.28341215712179335, 0.668628472683195, 0.026188036958338184, 0.012720714425538982, 0.006297074602846125 ],
		[ 0.2654781380800556, 0.32075557758495493, 0.012245375640364774, 0.14443929813951933, 0.10398079551583247, 0.1531008150392729 ],
		[ 0.34351054907019163, 0.3839826628208478, 0.07647447400309557, 0.11517218521105642, 0.054958769034348, 0.025901359860460577 ]
	],
"modelUserData_2": [
		[ 0.2217226117173441, 0.48094876698748085, 0.2950504760391879, 0.0013510120196010857, 0.0009271332363860994 ],
		[ 0.33494508107825516, 0.6053321272064591, 0.020358897750095483, 0.035045364287587755, 0.004318529677602476 ],
		[ 0.615349758003204, 0.3183084187771114, 0.05720637342489309, 0.005244040291536472, 0.0038914095032550073 ],
		[ 0.9377572030060338, 0.0012986900122780257, 0.027021238761425564, 0.031127234535673537, 0.002795633684589051 ],
		[ 0.8516967369109423, 0.06967283435660657, 0.04451819928955357, 0.01613301962479663, 0.017979209818100958 ]
	],
"activityUserData_0": [
		[ 0.7399841931385411, 0.20073139934809908, 0.0002811235479806308, 0.054664727640091205, 0.007361071087926726, 0.0034000780238370443, 0.0 ],
		[ 0.9662956325015463, 0.008457945447735447, 0.025984615400031757, 0.0013142001893307915, 0.0013727051368877643, 0.0043757095351680255, 0.0 ],
		[ 0.7845340155008198, 0.056591645114206626, 0.01330368918545011, 0.026420193307953636, 0.021428095703884046, 0.05373942213671937, 0.043982939050966424 ],
		[ 0.2886947230785766, 0.6776418181125502, 0.013021144347915278, 0.005929718127934834, 0.0021725224066625184, 0.012540073926360574, 0.0 ],
		[ 0.6125663945547216, 0.15941468313982093, 0.18979989432093136, 0.01778961765041752, 0.00324764059894453, 0.0019834400081032437, 0.015198329727060797 ],
		[ 0.5474893096057789, 0.2789623819892501, 0.053563869214847695, 0.009111095141807708, 0.04824951031476227, 0.01727354802880344, 0.04535028570474988 ],
		[ 0.5062579185978662, 0.410928581314849, 0.062233181521640764, 0.005954421042023015, 0.001959317967182132, 0.011575938619546231, 0.0010906409368926888 ]
	],
"activityUserData_1": [
		[ 0.6310665807205392, 0.16623192377941015, 0.10395396714811629, 0.04639545524761107, 0.03238358235082793, 0.019968490753495327 ],
		[ 0.8433162916112694, 0.015936858179377376, 0.024803343217879838, 0.0014746241106152243, 0.07093612073428104, 0.043532762146577114 ],
		[ 0.8230370044722901, 0.005055775991923514, 0.15815422357376566, 0.007583616311506218, 0.006169379650514551, 0.0 ],
		[ 0.0003119923572337084, 0.27750121110429643, 0.6646458382797383, 0.009068506133407685, 0.0295706693571623, 0.018901782768161526 ],
		[ 0.26922196593605346, 0.3107644446384307, 0.00782070275093061, 0.14200678854487164, 0.10204494750498899, 0.1681411506247245 ],
		[ 0.34157160690921723, 0.39320573691704963, 0.08458002004570384, 0.0983448937738515, 0.035286592051665074, 0.04701115030251279 ]
	],
"activityUserData_2": [
		[ 0.20793128920680423, 0.4917129751612505, 0.3025216219444212, 0.008014046096633027, 0.0 ],
		[ 0.32164893311163434, 0.6048871662159091, 0.012042193732291212, 0.020654373321164474, 0.040767333619000874 ],
		[ 0.6084976186779166, 0.31440390276238556, 0.07091892045769478, 0.006179558102003077, 0.0 ],
		[ 0.946715589062993, 0.011061989005854613, 0.012817113024501121, 0.02940530890665129, 0.0 ],
		[ 0.8503592173905624, 0.06786954228161675, 0.035832572478047275, 0.026251913018976256, 0.019686754830797303 ]
	]
}