{
"user": "user_4",
"user_info": {
	"active":true,
	"json_timestamp":"2019-09-26 14:14:50.027785",
	"json_timestamp_epoch":"1569500090027.812",
	"json_timestamp_epoch_info":"json_timestamp_epoch is the time in milliseconds since the epoch as a floating point number. Epoch is designed to be January 1, 1970, 00:00:00 (UTC)"
},
"modelUserData_0": [
		[ 0.5412054328503704, 0.4546967990197545, 0.0027384243129366164, 0.0013593438169384959 ],
		[ 0.3514894772366428, 0.5128958527967036, 0.07355515126254451, 0.0620595187041091 ],
		[ 0.035526137994897934, 0.021858662136848204, 0.4919982076732886, 0.4506169921949653 ],
		[ 0.07177895191808889, 0.010548686046693647, 0.4317082167512303, 0.4859641452839871 ]
	],
"modelUserData_1": [
		[ 0.7529162107161699, 0.17477062585583614, 0.011519401898286763, 0.060793761529707224 ],
		[ 0.09538279222347838, 0.7786756809875082, 0.03298787281336705, 0.09295365397564645 ],
		[ 0.003230240911184015, 3.690801766211997e-05, 0.5606033316324599, 0.43612951943869394 ],
		[ 0.14847075614916772, 0.04651678513899358, 0.3948893936558864, 0.4101230650559524 ]
	],
"modelUserData_2": [
		[ 0.9025797000284776, 0.0943097153716083, 0.002783088165179489, 0.0003274964347345596 ],
		[ 0.09366911658088603, 0.5575800457808072, 0.1851939985705556, 0.16355683906775112 ],
		[ 0.003725471568340703, 0.20779651298041524, 0.24097127111443575, 0.5475067443368083 ],
		[ 2.5711822295617325e-05, 0.14031372586716928, 0.5710516421498292, 0.28860892016070605 ]
	],
"activityUserData_0": [
		[ 0.9081947483685664, 0.1137515630773461, 0.011385913933781536, -0.03333222537969403 ],
		[ 0.10094398822416759, 0.5606665784221693, 0.18560106292658715, 0.15278837042707596 ],
		[ 0.003919639317447557, 0.21783324182717023, 0.23309961511842409, 0.5451475037369582 ],
		[ -0.013058375910181538, 0.10774861667331437, 0.5699134080212072, 0.3353963512156598 ]
	],
"activityUserData_1": [
		[ 0.9115685174254354, 0.09043089303098512, 0.004552854951271046, -0.006552265407691593 ],
		[ 0.10345327578314724, 0.557699773511527, 0.20457849790829935, 0.13426845279702643 ],
		[ 0.012449400450820585, 0.19851428804680205, 0.22491332950429402, 0.5641229819980834 ],
		[ -0.027471193659403256, 0.1533550454106858, 0.5659553176361356, 0.3081608306125817 ]
	],
"activityUserData_2": [
		[ 0.9040284847276288, 0.08679253174120212, 0.008296523903408584, 0.0008824596277605401 ],
		[ 0.09956001425950894, 0.5540203238155572, 0.18412094762563277, 0.162298714299301 ],
		[ 0.004455970087811759, 0.20734146332604406, 0.25081359974479633, 0.5373889668413478 ],
		[ -0.008044469074949458, 0.15184568111719657, 0.5567689287261622, 0.2994298592315906 ]
	]
}