{
"user": "user_2",
"user_info": {
	"active":true,
	"json_timestamp":"2019-10-13 18:21:58.733132",
	"json_timestamp_epoch":"1570983718733.1504",
	"json_timestamp_epoch_info":"json_timestamp_epoch is the time in milliseconds since the epoch as a floating point number. Epoch is designed to be January 1, 1970, 00:00:00 (UTC)"
},
"modelUserData_0": [
		[ 0.9110584846798127, 0.021104063638171217, 0.0004144222763800221, 0.0674230294056361 ],
		[ 0.023421156097322673, 0.727453374829405, 0.020470898070444093, 0.2286545710028283 ],
		[ 9.122593463477564e-05, 0.2168650508115512, 0.13952743320300484, 0.6435162900508092 ],
		[ 0.0654291332882299, 0.034577510720872645, 0.839587246450171, 0.06040610954072634 ]
	],
"modelUserData_1": [
		[ 0.7206077549936623, 0.2681430065672515, 0.007007572756665114, 0.004241665682421148 ],
		[ 0.2569085563880602, 0.2007120380621296, 0.37451410239136507, 0.1678653031584451 ],
		[ 0.012881626524678622, 0.03164654347996336, 0.1275787988362242, 0.8278930311591338 ],
		[ 0.00960206209359892, 0.4994984118906556, 0.49089952601574566, 0.0 ]
	],
"modelUserData_2": [
		[ 0.6039064334829106, 0.22574773118058264, 0.013851124747507475, 0.15649471058899928 ],
		[ 0.04650927077889176, 0.539490875246406, 0.12422545886960064, 0.28977439510510156 ],
		[ 0.25290209541760383, 0.08411339422170215, 0.10925361605479497, 0.5537308943058992 ],
		[ 0.09668220032059377, 0.15064799935130913, 0.7526698003280969, 0.0 ]
	],
"activityUserData_0": [
		[ 0.5989061872786255, 0.23344692305128778, 0.025309116396653772, 0.14233777327343292 ],
		[ 0.03947052710804696, 0.5476170661845574, 0.12683832575176132, 0.28607408095563425 ],
		[ 0.25330382863561307, 0.06875660434376582, 0.10635142124968812, 0.571588145770933 ],
		[ 0.10831945697771445, 0.150179406420389, 0.7415011366018968, 0.0 ]
	],
"activityUserData_1": [
		[ 0.6119235559368151, 0.22642841712308412, 0.01225842198833124, 0.1493896049517695 ],
		[ 0.04102894560143272, 0.5482177893563125, 0.12877752811788803, 0.2819757369243667 ],
		[ 0.2670104914537237, 0.09175055101803833, 0.11444186828711211, 0.5267970892411259 ],
		[ 0.08003700700802846, 0.13360324250256503, 0.7445221816066686, 0.04183756888273782 ]
	],
"activityUserData_2": [
		[ 0.5934927582427388, 0.21861883245847608, 0.014511533937695675, 0.17337687536108942 ],
		[ 0.06054779098263024, 0.5483293900639815, 0.13464847574513406, 0.25647434320825424 ],
		[ 0.23793270730622762, 0.08465093365576637, 0.10726757760734976, 0.5701487814306563 ],
		[ 0.1080267434684033, 0.14840084382177599, 0.7435724127098206, 0.0 ]
	]
}