{
"user": "user_3",
"user_info": {
	"active":false,
	"json_timestamp":"2019-10-13 18:39:06.984623",
	"json_timestamp_epoch":"1570984746984.6426",
	"json_timestamp_epoch_info":"json_timestamp_epoch is the time in milliseconds since the epoch as a floating point number. Epoch is designed to be January 1, 1970, 00:00:00 (UTC)"
},
"modelUserData_0": [
		[ 0.7596629170532414, 0.17454382528659068, 0.019557373421214854, 0.030445506297753513, 0.003590371306067007, 0.005797628609059589, 0.004150735698943256, 0.00103869738813515, 0.0012129449389945413 ],
		[ 0.0970837642701538, 0.39405917290415415, 0.03254970195042211, 0.3626090752374601, 0.09129587704626912, 0.016118456043415778, 0.0026128002337667136, 0.0014766668467427644, 0.002194485467615379 ],
		[ 0.11118932737072203, 0.2386739862457786, 0.1243275862467144, 0.10551063908821877, 0.03960826668179655, 0.21573516799368142, 0.1373159481850348, 0.020045790024871186, 0.007593288163182204 ],
		[ 0.017798118308056665, 0.06170257351286984, 0.4785197714150431, 0.10980588583784738, 0.29335776682675396, 0.027564174358999625, 0.01060665714815568, 0.00024475030406837086, 0.00040030228820542177 ],
		[ 0.0014388788211639636, 0.06142139737411768, 0.08149846697075376, 0.02146478606557571, 0.0594787439208083, 0.08986608235144687, 0.4480129221769649, 0.19141066038950216, 0.045408061929666566 ],
		[ 0.007641506067155268, 0.024158724034306817, 0.16126964203753458, 0.33965410125042667, 0.06557827721249594, 0.2534555001642054, 0.04983454173029172, 0.06927166213832239, 0.029136045365261126 ],
		[ 0.004720061814378456, 0.04514891504981354, 0.09293248004314626, 0.023234534455396347, 0.4048443861023829, 0.0926706996324904, 0.22339938829413813, 0.04386437183541453, 0.06918516277283943 ],
		[ 8.716389680268042e-05, 0.00011257755776642902, 0.002210073144816051, 0.005028939504911222, 0.0009818567855797455, 0.090012767388519, 0.003636847571792964, 0.11718384805238434, 0.7807459260974277 ],
		[ 0.0003782623983257297, 0.0001788280346022197, 0.007134904770354961, 0.0022465322624101985, 0.0412644541178466, 0.20877952345818185, 0.12043015896091173, 0.5554635530205592, 0.06412378297680776 ]
	],
"modelUserData_1": [
		[ 0.2572397216797443, 0.6628687932850593, 0.0762699099813196, 0.00362157505387678 ],
		[ 0.2695201941299698, 0.2976943734860925, 0.31200931908222057, 0.12077611330171706 ],
		[ 0.4448104284005726, 0.002772040396311624, 0.03874951935735502, 0.5136680118457607 ],
		[ 0.028429655789713293, 0.03666479283253654, 0.5729712515791048, 0.36193429979864533 ]
	],
"modelUserData_2": [
		[ 0.5034122525142536, 0.189040308955193, 0.2952337782415272, 0.007771565314528749, 0.004486912377470363, 1.500761094363146e-05, 3.927278931377285e-05, 8.499688698838294e-07, 5.222789985136646e-08 ],
		[ 0.3777529194419304, 0.09061015513457871, 0.5209942997533382, 0.004818304160282729, 0.00552743453873721, 0.00010459892157266992, 7.037769150625992e-05, 0.00011811769978465543, 3.792658269093023e-06 ],
		[ 0.03655781643209557, 0.49844495488454327, 0.0039411410414331004, 0.1409324240848532, 0.219362155328924, 0.0890051248953739, 0.007347685730118895, 0.0014351875667650677, 0.0029735100358930194 ],
		[ 0.08123590764294304, 0.06679936062304606, 0.08092508606451054, 0.47311430833583956, 0.1830550110181483, 0.06032302564636473, 0.053954006455578074, 0.00041929872319795624, 0.0001739954903717138 ],
		[ 0.0006630179283065624, 0.013745872858220978, 0.05657698110575435, 0.26081252541364297, 0.3913379436937661, 0.12829695181200965, 0.133183201684833, 0.014762190995069821, 0.0006213145083965501 ],
		[ 0.00032647268093914726, 0.11294032921776945, 0.006934063247849309, 0.02478457097788208, 0.05326556922532556, 0.6452206367115976, 0.12356558338479731, 0.008339263000308959, 0.02462351155353068 ],
		[ 3.620883148541821e-05, 0.023316532432652942, 0.021732823642157145, 0.08185696105736522, 0.041223191407291006, 0.046853681777855476, 0.2299570915069297, 0.3456189627853891, 0.20940454655887403 ],
		[ 5.886694120029784e-06, 0.002412807736250538, 0.0005957080854375622, 0.001744356903043208, 0.06062461160139329, 0.009402924009196418, 0.4426758453481905, 0.1841371055103722, 0.2984007541119963 ],
		[ 9.517833926235563e-06, 0.0026896781577450796, 0.013066118817992597, 0.004164983752562333, 0.04111717080894417, 0.020778048615085965, 0.00920693540873252, 0.44516902375024237, 0.46379852285476886 ]
	],
"modelUserData_3": [
		[ 0.09189465745971237, 0.6403536031640739, 0.20701646688599928, 0.027627707298370323, 0.02871283808469619, 0.0010582214232593959, 0.0033365056838885795 ],
		[ 0.12617455347973636, 0.20617081364327217, 0.3649056186316526, 0.1080005238204119, 0.05301691231142124, 0.12588142503828192, 0.01585015307522375 ],
		[ 0.4716713692254353, 0.02645164632971135, 0.2616536643079653, 0.05230477507797268, 0.05658330447312526, 0.03454734471885923, 0.09678789586693096 ],
		[ 0.22646822190615715, 0.09608154095932522, 0.08425866854147071, 0.2544993101784427, 0.06010506166587508, 0.04602243253283434, 0.2325647642158949 ],
		[ 0.048797794966541005, 0.013361356364506588, 0.02035219428956463, 0.025967957848757713, 0.783143412358916, 0.04864456984742539, 0.0597327143242886 ],
		[ 0.008211734509332838, 0.005466257913381363, 0.007070144938185332, 0.34537719618147733, 0.012688842056503679, 0.5025581126428493, 0.11862771175827003 ],
		[ 0.026781668453084967, 0.012114781625729435, 0.054743242405162165, 0.18622252959456742, 0.005749629049462624, 0.2412878937964904, 0.47310025507550324 ]
	],
"modelUserData_4": [
		[ 0.10128982879681125, 0.13859015995883253, 0.6462434295862676, 0.039045949494541037, 0.02959361993572723, 0.03355360028342901, 0.0012879221396439506, 0.0035851322860941397, 0.006810357518653292 ],
		[ 0.7754305288703031, 0.20556554614245554, 0.01549692079417302, 0.002330947446371806, 0.00021761714254072627, 0.0008330239965317471, 0.00011815404842890044, 6.730272330796907e-06, 5.312868644084487e-07 ],
		[ 0.04198476875750987, 0.13627818816624898, 0.16978122022747325, 0.27000550724086086, 0.05064940327803013, 0.12972973525975884, 0.08093801566206923, 0.08770392256732899, 0.032929238840719896 ],
		[ 0.06543873351895875, 0.23956743393091132, 0.0719300775413959, 0.4957784066194658, 0.05620140504537227, 0.023375269981058534, 0.04525136650507849, 0.0013713603434931004, 0.0010859465142658046 ],
		[ 0.015615856534004335, 0.17778085611517522, 0.03428464643929944, 0.043374811419536724, 0.5794603037383651, 0.03591846760677575, 0.06654344237919246, 0.03920524980686725, 0.007816365960783764 ],
		[ 5.5863517504325854e-05, 0.044303864320598234, 0.003919166773851642, 0.07752094982854972, 0.013152501889349421, 0.5675770642944885, 0.18840937971544688, 0.08345519184173646, 0.02160601781847482 ],
		[ 0.00012036086341957946, 0.01943063167989299, 0.0508543177607645, 0.06575082500154372, 0.2556002338433025, 0.20879490913151108, 0.11117159408293538, 0.061785409229742114, 0.22649171840688798 ],
		[ 1.4825700965470494e-06, 0.009703884186293723, 0.0027795071887115217, 0.00011458526731316144, 0.014240979472579952, 0.0001388574849474574, 0.1277259335396474, 0.14203494663706012, 0.70325982365335 ],
		[ 6.257657139228308e-05, 0.02877943549959153, 0.004710713688063151, 0.0060780176818172015, 0.0008839356547326697, 7.907196149906684e-05, 0.37855419192755746, 0.5808520570153473, 0.0 ]
	],
"modelUserData_5": [
		[ 0.5947618268863705, 0.40335704226204566, 0.0013568878763476056, 8.302975703725142e-05, 0.00014326289305539077, 7.246570377049989e-05, 0.00013430791349952726, 9.117670787359266e-05 ],
		[ 0.24007885917831043, 0.09824465741284928, 0.4134306375245854, 0.2292062200997759, 0.006259209715866056, 0.004235025526351569, 0.004736778205661919, 0.00380861233659947 ],
		[ 0.02862740819227652, 0.17225837628042576, 0.4489839732835415, 0.2614510812567817, 0.07696317846057686, 0.008639116907976368, 0.000900277754632638, 0.0021765878637887244 ],
		[ 0.12084213452766975, 0.24733562731117723, 0.03505072977498802, 0.4990998658252411, 0.06689428522454217, 0.0001428747378340338, 0.0287354513157465, 0.001899031282801212 ],
		[ 0.014433652174849808, 0.0026663416595417186, 0.026063368500456263, 0.005352319177255871, 0.4905960983756929, 0.18039928537575756, 0.2164127672311699, 0.06407616750527603 ],
		[ 0.0010587176257590353, 0.0734776683346654, 0.017735227560256563, 0.0010218855342051963, 0.18031412492082227, 0.1314683982147099, 0.4204937737893123, 0.1744302040202692 ],
		[ 0.00017032422646398845, 0.000666486113025812, 0.03993034146951556, 0.0030287589730775078, 0.1734159952705742, 0.08491383836252839, 0.16907110758876268, 0.5288031479960519 ],
		[ 2.7077188300003843e-05, 0.0019938006262692418, 0.01744883401030909, 0.0007568393766256326, 0.0054138451388700826, 0.5901289951710716, 0.15951553620121459, 0.2247150722873399 ]
	],
"modelUserData_6": [
		[ 0.3689752038366221, 0.46428242468848413, 0.00854955465130603, 0.030498938439506407, 0.12769387838408136 ],
		[ 0.4901392105942178, 0.15803607298743808, 0.09627858441382761, 0.08684953291420604, 0.16869659909031054 ],
		[ 0.10023424708101883, 0.2703053537312197, 0.10027331295592386, 0.2304126060164761, 0.29877448021536146 ],
		[ 0.00533349740222266, 0.00728181391722793, 0.5825642635265419, 0.17263635033607644, 0.23218407481793107 ],
		[ 0.03531784108591866, 0.10009433467563017, 0.21233428445240055, 0.479602572293735, 0.17265096749231562 ]
	],
"modelUserData_7": [
		[ 0.8651249486110126, 0.10874092773726998, 0.015173380320614703, 0.005941352036878144, 0.005019391294224536 ],
		[ 0.07387011690152083, 0.7653625173131464, 0.06921043414564712, 0.007997933938473697, 0.08355899770121197 ],
		[ 0.0009740780300225082, 0.020381579249579604, 0.7913197613538511, 0.13104829874113427, 0.056276282625412566 ],
		[ 0.020579536846765452, 0.012558869027501748, 0.038192618496267886, 0.13120335660502, 0.7974656190244449 ],
		[ 0.039451319610678576, 0.09295610667250227, 0.08610380568361929, 0.7238090586784939, 0.0576797093547059 ]
	],
"modelUserData_8": [
		[ 0.5392250900742239, 0.09575000855715005, 0.2796851504929018, 0.007768314087135306, 0.013071179682791874, 0.014422913398215928, 0.03001707030913307, 0.019047236767418863, 0.0010130366310291544 ],
		[ 0.01428794313091511, 0.08719530846686095, 0.18643233161989672, 0.5169517598268156, 0.044974087552688995, 0.013310297084607363, 0.006726071337697695, 0.0355874011577319, 0.09453479982278565 ],
		[ 0.27469857188633195, 0.25873076190568545, 0.10478227352068119, 0.05482934440103187, 0.10154368656605084, 0.09282798475605716, 0.06436989718333913, 0.026799868060922286, 0.0214176117199001 ],
		[ 0.0963691675277227, 0.3625248291866567, 0.3819253371544599, 0.008107274763897812, 0.07365336419939732, 0.024270903063175035, 0.02424409406364508, 0.004404774690339573, 0.024500255350705803 ],
		[ 0.02303315252678746, 0.05151906960013835, 0.045139121426477864, 0.3237114610272072, 0.14446665518061666, 0.0989175318119563, 0.20793727891745908, 0.010756862575217524, 0.0945188669341396 ],
		[ 0.023306001748922344, 0.01678161347098096, 0.0010175777818111167, 0.07334826485697181, 0.5290139805093499, 0.10499704903004829, 0.21943411025920975, 0.02550787564810547, 0.006593526694600366 ],
		[ 0.0037672615967705423, 0.06724559661221678, 0.0005127437086492021, 0.00476644265821252, 0.019963530860728725, 0.16347363424916794, 0.14928661047985448, 0.3641121106442132, 0.22687206919018665 ],
		[ 0.012902938114538666, 0.04906133492056684, 0.00034614854578155456, 0.00608419304298051, 0.02212895719973834, 0.12429573511649226, 0.2555262713991955, 0.3486799810287829, 0.18097444063192342 ],
		[ 0.01240987339378732, 0.011191477279743872, 0.0001593157493405643, 0.004432945335747314, 0.051184558248637435, 0.3634839514902798, 0.042458596050466424, 0.1651038894272681, 0.34957539302472934 ]
	],
"activityUserData_0": [
		[ 0.7332417813179977, 0.18371450334593403, 0.015252806569434396, 0.04783028238273683, 0.004601970140017791, 0.0074333242538775785, 0.0013903341904417106, 0.010270248576952577, 0.0 ],
		[ 0.08659210368002714, 0.39542907750053974, 0.028877407315708196, 0.35072125551759736, 0.08812403843842138, 0.0071458946776277385, 0.0023958090078154593, 0.014008225621026653, 0.026706188241236294 ],
		[ 0.11568868978689334, 0.22297627359647515, 0.14344560992440913, 0.08770136788136926, 0.042556848208733546, 0.2066806612289032, 0.133727708888955, 0.047222840484261286, 0.0 ],
		[ 0.01873466878838928, 0.04795614930761801, 0.46786553829803584, 0.100282596983941, 0.29485642190746186, 0.05277496776629013, 0.0088326554062218, 0.010053093837329979, 0.0 ],
		[ 0.011233650463589593, 0.05841742796916367, 0.0844770575422708, 0.027637351692929857, 0.053712009616585205, 0.07946832436210051, 0.470816648987306, 0.18733835212168373, 0.026899177244370492 ],
		[ 0.013345000567885687, 0.020433919128615974, 0.15480503772896698, 0.34556487707391426, 0.061933062748105415, 0.24324565369088905, 0.06905813373381044, 0.06877408734723289, 0.022840227980579345 ],
		[ 0.005187467550393477, 0.0537266776911576, 0.089267598605986, 0.003180913719458646, 0.418581426139529, 0.08590668609698439, 0.2360678862474609, 0.06007190771069598, 0.04800943623833416 ],
		[ 0.015976637844823775, 0.00810545303621959, 0.01600894401518866, 0.015371152848624801, 0.013024732334974143, 0.10598028092629934, 0.01839986075778586, 0.13769341775158014, 0.6643481774118233 ],
		[ 0.0, 0.009240518424276273, 0.0, 0.02171020189942805, 0.022609490466171646, 0.21136420699702813, 0.05931096278020289, 0.4645678265492368, 0.21119679288365634 ]
	],
"activityUserData_1": [
		[ 0.26708522427932646, 0.662790994603238, 0.0701237811174355, 0.0 ],
		[ 0.2757245850089711, 0.2964347775710296, 0.3078043703437214, 0.1200362670762779 ],
		[ 0.4410788215734165, 0.01232096779646773, 0.03089540340929231, 0.5157048072208236 ],
		[ 0.016111369138285925, 0.028453260029264665, 0.5911764451295509, 0.36425892570289864 ]
	],
"activityUserData_2": [
		[ 0.5146002701105016, 0.17963406858918787, 0.2997858113788283, 0.006015601515503484, 0.000838811230869502, 0.003831246559356961, 0.005079612038820303, 0.014372785595319394, 0.0023419696264799744 ],
		[ 0.3838645636765849, 0.06141976947113147, 0.5193345475640158, 0.00634000552574836, 0.007800903295988188, 0.004115864325838078, 0.006490766930316316, 0.008291609583896836, 0.0023419696264799744 ],
		[ 0.035732650464288904, 0.48855842374832065, 0.008750392557178997, 0.14946034698599614, 0.21158694072756976, 0.09256929780906802, 0.006239555610781748, 0.00476042247031587, 0.0023419696264799744 ],
		[ 0.06727087479911353, 0.07200516768446046, 0.07320935334058466, 0.463370616716971, 0.17712775021982272, 0.057544058298987136, 0.042339306060149455, 0.016886653637807086, 0.030246219242104046 ],
		[ 0.0005456006243973069, 0.01248023544603824, 0.0670756695909469, 0.2708463702322416, 0.3982894932585489, 0.11774559529312845, 0.1301098497913646, 0.004302859164659908, 0.0 ],
		[ 0.00036276605341736693, 0.12412125101593724, 0.011376688175643676, 0.020816283515865043, 0.03215332704021144, 0.650168490935082, 0.12699261378844542, 0.008137694412019813, 0.025870885063378004 ],
		[ 0.0010428464367378066, 0.010886648857640296, 0.01750448083268149, 0.07612073888680401, 0.0516320443717792, 0.04351360190504678, 0.2223115855750678, 0.3365665261146434, 0.24042152701959923 ],
		[ 0.0012643670879186118, 0.011969986444555618, 0.0029630565601201286, 0.002148513129234529, 0.055110154032158236, 0.0012261079565702472, 0.45221654272049217, 0.20495512537009894, 0.26814614669885156 ],
		[ 0.0, 0.038924448742728116, 0.0, 0.004881523491635764, 0.06546057582305205, 0.029285736916922423, 0.008220167484562169, 0.40172632365123895, 0.4236053738436672 ]
	],
"activityUserData_3": [
		[ 0.09199047230024973, 0.6227000935855042, 0.2274136801166446, 0.019316294075124, 0.03989403895957314, 0.0026892118996149892, 0.0007648745325820647 ],
		[ 0.1345632723871764, 0.20200843252672268, 0.37330003555707236, 0.10042121747263019, 0.06113794134418669, 0.12780422617962955, 0.0007648745325820647 ],
		[ 0.4726521380784852, 0.039901811763096644, 0.24596437183745137, 0.04034101040475953, 0.05449143694180435, 0.023819838059763655, 0.12282939291463926 ],
		[ 0.22462629905622533, 0.09424866654714086, 0.08190875242849589, 0.25895583245268367, 0.04866273613635069, 0.04183947875182813, 0.24975823462727542 ],
		[ 0.04767785518639333, 0.02696466044097456, 0.0038486699454436217, 0.02280782714412758, 0.7812155743497698, 0.051712400156488585, 0.06577301277680242 ],
		[ 0.022198164341127133, 0.012554021002540446, 0.013624616680085338, 0.3503697982632949, 0.014598272268315265, 0.5042912845264667, 0.0823638429181704 ],
		[ 0.0062917986503428875, 0.0016223141340206684, 0.05393987343480677, 0.20778802018738007, 0.0, 0.24784356042620842, 0.4777457676979483 ]
	],
"activityUserData_4": [
		[ 0.10406197644602434, 0.11826990560719941, 0.6392222440490523, 0.027808552388213427, 0.02565188295677754, 0.03541473725756506, 0.011016106017932206, 0.015535442061522131, 0.02301915321571369 ],
		[ 0.763622000197424, 0.20628291480847724, 0.024199697237422112, 0.004658773321649016, 0.012558358784432525, 0.0028420909282941154, 0.007026014100651978, 0.01676083434919199, 0.0 ],
		[ 0.02357101298225997, 0.14460494473421392, 0.1652875928375277, 0.2708858118292103, 0.05875747281523454, 0.12421966815838562, 0.06837635165854591, 0.1103963718530278, 0.03390077313159434 ],
		[ 0.06680549610048417, 0.2342266701477325, 0.06346856587812147, 0.48195096883474914, 0.03633206888635288, 0.03327533385518787, 0.059642275096409215, 0.015030880368313522, 0.009267740832649269 ],
		[ 0.00446867903303356, 0.17426202831471316, 0.038281580826094716, 0.04710977415352384, 0.5691457117307127, 0.01174328128055679, 0.0668042701990212, 0.05983866518335661, 0.028346009278987366 ],
		[ 0.015697515349998095, 0.043598626940932486, 0.004577428920189778, 0.07053000834850534, 0.017491257164321844, 0.5542945837950176, 0.19023156347442285, 0.09247453552581321, 0.011104480480798873 ],
		[ 0.0021679603770207133, 0.023273866469761803, 0.05298687027208642, 0.0574152321756482, 0.24762299032930973, 0.2198253887022208, 0.10468870565410414, 0.07429414654391867, 0.21772483947592958 ],
		[ 0.01960535951375518, 0.019159427617219917, 0.011976019979505557, 0.0032240836689048343, 0.00845189558107691, 0.01838491602277231, 0.12432110682327475, 0.1849534608168908, 0.5719730462490569 ],
		[ 0.0, 0.03632161535974965, 0.0, 0.03641679527959585, 0.023988361751781193, 0.0, 0.3678936069756377, 0.4307156632979654, 0.10466395733526979 ]
	],
"activityUserData_5": [
		[ 0.5982263220391808, 0.39551341914821764, 0.0010371079481349703, 0.0020679239607476222, 0.005261849382515435, 0.005511460432744372, 0.0031288493433880415, 0.0 ],
		[ 0.22554943203872546, 0.08781538443420576, 0.4108061171195283, 0.21909828547334964, 0.0039569974594108465, 0.03680405329516916, 0.0026096697092191992, 0.013360060470391545 ],
		[ 0.024566893798090298, 0.17071869551439972, 0.4534770291960621, 0.27036131086340837, 0.06617049446083248, 0.015533456905401219, 0.002910265498225999, 0.0 ],
		[ 0.11541778117285144, 0.25837628407370755, 0.03108407541202225, 0.49475141696657393, 0.06031111304994033, 0.016543915165402732, 0.02351541415950169, 0.0 ],
		[ 0.0024525065402449444, 0.002399558722667733, 0.023974142452565836, 0.0064977034030809875, 0.4871428332425741, 0.17189797351681996, 0.21736472783774052, 0.08827055428430575 ],
		[ 0.004857337254346383, 0.07896100731976721, 0.02290158763134193, 0.0014433194119216636, 0.19123639099239054, 0.14274645582547818, 0.4186863168361933, 0.13916758472856083 ],
		[ 0.02693057752623988, 0.00621565078703436, 0.0567199402403446, 0.005780039920917716, 0.17069827412189953, 0.09408339568792697, 0.182488072214215, 0.44259897101007284 ],
		[ 0.001999149630320784, 0.0, 0.0, 0.0, 0.015222047290436747, 0.5168792891710573, 0.1492966844015163, 0.31660282950666885 ]
	],
"activityUserData_6": [
		[ 0.37877305592705834, 0.475939716822151, 0.007719611789965929, 0.03910725381874736, 0.09846036164207733 ],
		[ 0.48665993316758266, 0.1608315586968133, 0.09316481718344587, 0.10452028842355021, 0.15482340252860788 ],
		[ 0.10583751685201433, 0.24447164899255533, 0.09188889896453965, 0.24697141188936972, 0.3108305233015209 ],
		[ 0.009233903122703606, 0.009714434947281409, 0.588555841316067, 0.16331081779595877, 0.2291850028179893 ],
		[ 0.019495590930641064, 0.10904264054119886, 0.2186708307459816, 0.446090228072374, 0.2067007097098045 ]
	],
"activityUserData_7": [
		[ 0.8715805891537317, 0.09217620818241073, 0.015070785609619134, 0.013161184428689344, 0.008011232625549074 ],
		[ 0.0774331755992553, 0.7645020364618474, 0.055854247517033086, 0.012705704337734637, 0.08950483608412951 ],
		[ 0.020566954837569, 0.029779336569610248, 0.7823894712492022, 0.11869442164531278, 0.04856981569830572 ],
		[ 0.01862306345030899, 0.033594148071790605, 0.037881124027608806, 0.13732930298701668, 0.7725723614632749 ],
		[ 0.011796216959134995, 0.07994827071434102, 0.10880437159653676, 0.7181093866012467, 0.08134175412874078 ]
	],
"activityUserData_8": [
		[ 0.5387712808878332, 0.10310992083724041, 0.28806121387976624, 0.007978995616608305, 0.005059429552084726, 0.0032836291096687777, 0.023774765805595174, 0.02113059208960879, 0.008830172221594355 ],
		[ 0.02569081857160606, 0.10014719153685935, 0.17549462434730254, 0.5155903473499326, 0.05563552663479007, 0.009000424001809674, 0.03026031673671447, 0.04152324858399374, 0.0466575022369914 ],
		[ 0.2610533190545611, 0.25658268191913053, 0.09814898488179823, 0.06712754105279042, 0.09045398070265533, 0.09028739100830199, 0.06043665885762435, 0.06707927030154368, 0.008830172221594355 ],
		[ 0.08190341146074441, 0.3763475275448049, 0.3539180823279175, 3.2791316220394384e-05, 0.0781474199401048, 0.007351921317033591, 0.026166484256534464, 0.011412135206249983, 0.06472022663038998 ],
		[ 0.02231046931130983, 0.04786911014873602, 0.05045189670821145, 0.32313531928698236, 0.15148032177783247, 0.09764884782088362, 0.20430998433598857, 0.033807688156640654, 0.06898636245341506 ],
		[ 0.012772082613214865, 0.012174585889708498, 0.0016715579132976343, 0.07501862758327833, 0.5227082710227461, 0.11305665771907601, 0.22916643100496337, 0.01592730462031903, 0.017504481633396237 ],
		[ 0.0007455848179479217, 0.06144317746196249, 0.0051890970318481605, 0.013307758603165257, 0.006584169228460864, 0.1739658290615691, 0.14807551614894401, 0.3626070096962395, 0.22808185794986272 ],
		[ 0.0003924816351087296, 0.042325804661557845, 0.027064542909858075, 0.0024312536017990667, 0.01685497453685828, 0.12793812836434715, 0.2662426755144416, 0.3545696166996782, 0.16218052207635114 ],
		[ 0.05636055164767392, 0.0, 0.0, 0.0, 0.07307590660446747, 0.3774671715973102, 0.011567167339193959, 0.09194313464572643, 0.3895860681656279 ]
	]
}