{
"user": "user_3",
"modelUserData_0": [
		[ 0.8894965889960358, 0.0782820031045756, 0.0019788071638978787, 0.0025366386436516545, 0.01635965530939767, 0.0068882700651591655, 0.004458036717282242 ],
		[ 0.015845334924865558, 0.19695695677482639, 0.03693754935622522, 0.05725665693639113, 0.56159253599378, 0.0003283180653826528, 0.1310826479485291 ],
		[ 0.07699884960723352, 0.6821725594810393, 0.06617703574848291, 0.00950587663852497, 0.14231177495172684, 0.015640169399427955, 0.007193734173564465 ],
		[ 0.001465405407125371, 0.033166466177664916, 0.5662126928784592, 0.11808358350182369, 0.24933740940046156, 0.030099035265332683, 0.0016354073691325494 ],
		[ 0.00876635801894804, 0.00422432831838764, 0.1297280233318815, 0.04610077427066835, 0.013434387119924007, 0.6218778101380233, 0.17586831880216702 ],
		[ 0.0004128058414324455, 0.004900149677852819, 0.14503075161581366, 0.15285217814047117, 0.014807355286896034, 0.26786654216431033, 0.4141302172732236 ],
		[ 0.007014657204359274, 0.00029753646565340314, 0.05393513990523971, 0.613664291868469, 0.0021568819378138763, 0.057299854902363945, 0.26563163771610093 ]
	],
"modelUserData_1": [
		[ 0.4706609992050754, 0.16128013987772033, 0.11150298834526613, 0.014086660952865737, 0.02366545244509009, 0.0036697966881165693, 0.10489820952582847, 0.11023575296003728 ],
		[ 0.2568460051429148, 0.3623178397378108, 0.14147499222845578, 0.22693390352649126, 0.008156778827416378, 0.003012102821547412, 0.00039388654476847857, 0.0008644911705951285 ],
		[ 0.07239996190103573, 0.45232656235730156, 0.2673478839326381, 0.17269889293929758, 0.021557963738553877, 0.010952719464527224, 0.0013024648718007305, 0.0014135507948452376 ],
		[ 0.15070785467498168, 0.011519053265125962, 0.31537107575778384, 0.060282264626828, 0.4182980657588926, 0.02498770475445638, 0.00021434654306901318, 0.018619634618862572 ],
		[ 0.008208913013018987, 0.0036411351904390016, 0.04307194567427221, 0.2629464002669179, 0.4279762860077475, 0.21397794983062368, 0.01689320256035005, 0.02328416745663069 ],
		[ 0.0346626364402877, 0.00036007891479172274, 0.10755435667530076, 0.1145989462075178, 0.060644788921275915, 0.6380721996109358, 0.0064123325606106, 0.037694660669279824 ],
		[ 0.006161032865855683, 0.0003400103646969735, 0.007386680389603758, 0.04732090083222827, 0.029675850980014244, 0.055912875047537405, 0.6004943235640378, 0.2527083259560259 ],
		[ 0.000352596756830012, 0.008215180292113601, 0.006290076996679343, 0.1011320306478536, 0.010024813321009327, 0.049414651782255556, 0.2693912338295348, 0.5551794163737233 ]
	],
"modelUserData_2": [
		[ 0.6278411805498769, 0.329342780037843, 0.014651661483669445, 0.0018307104004605685, 0.016860813956940005, 0.001247414643464888, 0.0012483056977833193, 0.006977133229961845 ],
		[ 0.21460877570138115, 0.44556025790711434, 0.04756548778730128, 0.19994922596529696, 0.07003741579500412, 0.00921966742231551, 0.0012517284441533204, 0.011807440977433295 ],
		[ 0.07545868196245824, 0.14142057455529633, 0.5166297836077031, 0.23107328330368399, 0.03274973083143166, 0.0006043343597375946, 0.0020482360393132564, 1.5375340375916886e-05 ],
		[ 0.07164977589424573, 0.0005435536171738095, 0.3487114773913823, 0.17076076461388254, 0.2762146194683461, 0.072253789021635, 0.053266755327823746, 0.006599264665510758 ],
		[ 0.008074570536807055, 0.01286698660933415, 0.034957387001524586, 0.34622595261516265, 0.29609144427741757, 0.10420558170487416, 0.1770184367654917, 0.020559640489388104 ],
		[ 0.002004232420733475, 0.04496544992929834, 0.01531686640410613, 0.012393805316874302, 0.038611993719159486, 0.05502607289072448, 0.3419968994152029, 0.489684679903901 ],
		[ 8.57487170004732e-05, 0.013262053503995373, 0.013303393046557, 0.022734736943412954, 0.18414843737920242, 0.6019480941197446, 0.0434072642795788, 0.12111027201050834 ],
		[ 0.0002770342174969575, 0.012038343839944645, 0.008863943277756142, 0.015031520841226078, 0.08528554457249862, 0.15549504583750373, 0.37976237403065294, 0.34324619338292084 ]
	],
"modelUserData_3": [
		[ 0.727038431039176, 0.22812752300333497, 0.011809024540683293, 0.018006201331807834, 0.015018820084997924 ],
		[ 0.07711730574118979, 0.008905776329388103, 0.6193116496733423, 0.24225703490270561, 0.052408233353374245 ],
		[ 0.1508937520126749, 0.2189904512222605, 0.20608450267892706, 0.3087015861952578, 0.1153297078908797 ],
		[ 0.03572241796093044, 0.4180334121335366, 0.02580767061540686, 0.03622952429118188, 0.48420697499894416 ],
		[ 0.00922809324602887, 0.12594283731147993, 0.13698715249164045, 0.39480565327904693, 0.33303626367180406 ]
	],
"modelUserData_4": [
		[ 0.5246705439459035, 0.37616757433398174, 0.09108618243281542, 0.008075699287299329 ],
		[ 0.32207463745000786, 0.17411645461091985, 0.00957322375024498, 0.4942356841888273 ],
		[ 0.06958021567974228, 0.07612152512193965, 0.3027093683334692, 0.551588890864849 ],
		[ 0.08367460292434635, 0.37359444593315877, 0.5966312254834705, -0.05390027434097561 ]
	],
"modelUserData_5": [
		[ 0.09531543880662396, 0.7025930968952883, 0.006790237081479449, 0.18533243440752173, 0.008230308509444877, 0.0008925431994895482, 0.0006916680296164369, 0.0001542730705357449 ],
		[ 0.32349634061677973, 0.08239960173638562, 0.046383990642895626, 0.3222974452113306, 0.06206074460039487, 0.003950680658208958, 0.08443484343744057, 0.07497635309656409 ],
		[ 0.4452973574851371, 0.03716158941155852, 0.39292219163510345, 0.08203016401746192, 0.006625899722921248, 0.03027924015781632, 0.00390830694079563, 0.001775250629205769 ],
		[ 0.11270947023600972, 0.031098250365319276, 0.45422358502375254, 0.13375892818598786, 0.1958603405944168, 0.0045268824441786915, 0.018326608054895752, 0.04949593509543933 ],
		[ 0.021272238558088102, 0.03351658524337888, 0.00999347576037825, 0.22629462741013462, 0.4358773870352545, 0.2327570230205947, 0.003952008165405942, 0.036336654806764984 ],
		[ 0.0006448946055480219, 0.029299794622566773, 0.037305596469392896, 0.023237413902886004, 0.14463831526503013, 0.4753234033990415, 0.15786494546071084, 0.13168563627482371 ],
		[ 0.001016125539935724, 0.011110653921665995, 0.02798482798206086, 0.013948167748554011, 0.05648959615625779, 0.16633347406549925, 0.10437774541786175, 0.6187394091681647 ],
		[ 0.0002481341518776913, 0.07282042780383671, 0.02439609540493693, 0.013100819116123173, 0.09021740811627973, 0.08593675305517118, 0.6264438744932732, 0.08683648785850162 ]
	],
"modelUserData_6": [
		[ 0.6173977557350454, 0.05480799999800283, 0.2906012979088945, 0.03152978114434589, 0.005663165213711366 ],
		[ 0.19478546527733334, 0.07540133338586208, 0.5723619189528447, 0.006465722469805656, 0.15098555991415424 ],
		[ 0.0859459556926556, 0.40918676373573676, 0.0658834531355886, 0.4211888896855275, 0.01779493775049157 ],
		[ 0.0997576861042647, 0.2245145903301829, 0.020296032643069107, 0.10975727275850897, 0.5456744181639742 ],
		[ 0.002113137190700942, 0.23608931255021548, 0.050857297359603024, 0.4310583339418119, 0.27988191895766856 ]
	],
"modelUserData_7": [
		[ 0.37966146421189384, 0.2239834016004961, 0.3399028891073386, 0.04988107154630226, 0.006571173533969153 ],
		[ 0.39370972542265753, 0.056072303418695735, 0.15276227849105484, 0.23824242749407687, 0.15921326517351497 ],
		[ 0.2016846592084027, 0.583081155192909, 0.18567318382412884, 0.02582232641608298, 0.003738675358476412 ],
		[ 0.02425796117556738, 0.09129293292583658, 0.2878065495827948, 0.4758309503282662, 0.1208116059875351 ],
		[ 0.000686189981478548, 0.04557020686206252, 0.033855098994682975, 0.21022322421527168, 0.7096652799465044 ]
	],
"activityUserData_0": [
		[ 0.8898895694862454, 0.09063319781330721, 0.0013604988490752935, 0.004687426315770087, 0.021098587876061812, 0.02037432074084797, -0.028043601081307802 ],
		[ 0.010108915984433076, 0.20633789252951726, 0.04244461810931804, 0.042537223152537114, 0.5607589428020036, 0.015835150885199458, 0.12197725653699146 ],
		[ 0.07553839336209794, 0.6937059267513725, 0.07254189772748856, 0.005752009403001593, 0.15066352001172534, 0.01542503040566816, -0.013626777661354105 ],
		[ 0.01015325567783886, 0.022804035635805863, 0.5616589554064205, 0.12106187719560269, 0.25669524850619097, 0.030851703310784486, -0.0032250757326434364 ],
		[ 0.009439174695624946, 0.010774409266024562, 0.12320074765229545, 0.05075937441048645, 0.004248547574696103, 0.6133604989620897, 0.18821724743878276 ],
		[ 0.00149411564878696, 0.0006317888388510879, 0.1361268054505938, 0.15605152278385523, 0.01557135249158226, 0.25767162969397006, 0.4324527850923606 ],
		[ 0.003376575144972793, -0.0248872508348786, 0.06266647680480841, 0.6191505667387467, -0.009036199262260004, 0.046481666001440214, 0.3022481654071706 ]
	],
"activityUserData_1": [
		[ 0.48720244665120926, 0.16458664049633015, 0.11746956080437564, 0.003409069108763067, 0.03898927951988026, 0.008508735802641273, 0.08863449779332079, 0.09119976982347953 ],
		[ 0.24280829471200283, 0.3495621182533692, 0.12621556559582214, 0.22682348768816663, 0.017035928196110224, 0.005629173728125388, 0.0007151209537263215, 0.031210310872677283 ],
		[ 0.06962551200546949, 0.44876312619881714, 0.2554605460774592, 0.1734563353832997, 0.01684761677741767, 0.0007306418922376663, 0.000776086892980759, 0.03434013477231835 ],
		[ 0.17115972573053084, 0.04157543134829583, 0.3227469647682181, 0.07453347356690058, 0.42825002432852677, 0.017950528743369706, 0.009371478754081244, -0.06558762723992317 ],
		[ 0.007005510500059618, 0.006622503727823269, 0.04945951247757139, 0.2695382083052707, 0.4241593044271169, 0.2289248998190517, 0.01585269447539813, -0.0015626337322916448 ],
		[ 0.03021170736163254, 0.0068306878463522975, 0.09824112567228396, 0.11654384550479083, 0.07228001276759688, 0.631813679757758, 0.011924347739838796, 0.03215459334974664 ],
		[ 0.005781877576353983, 0.009068482792956982, 0.013438639564026866, 0.04269624834254612, 0.03966266684445535, 0.07904697221190099, 0.6021281950080953, 0.20817691765966428 ],
		[ -0.013795074537258561, -0.027008990663944805, 0.016968085040242598, 0.09299933210026251, -0.03722483286110406, 0.027395368044915214, 0.2705975783825586, 0.6700685344943287 ]
	],
"activityUserData_2": [
		[ 0.6215471311683779, 0.3152106948304709, 0.015624321122620672, 0.009770952261129024, 0.0027790793745723213, 0.010506827221401583, 0.008797042977963531, 0.015763951043464047 ],
		[ 0.21901829191165342, 0.449488174366508, 0.03800215680675574, 0.20044515382989622, 0.07748768398682694, 0.0040798224416067385, 0.02191856147907835, -0.010439844822325437 ],
		[ 0.09246193485190699, 0.16416061700004975, 0.5235704026863617, 0.23437793679164226, 0.03370646069841264, 0.00025423536127580827, 0.013254319243412884, -0.06178590663306198 ],
		[ 0.0672584901595466, 0.006873720859121463, 0.34428031826133876, 0.17279272828209472, 0.2757932489070031, 0.08080137380347015, 0.054605266758754475, -0.0024051470313291023 ],
		[ 0.005791924176702504, 0.018704817647734344, 0.037094259967301174, 0.3490418271963008, 0.29587216211657724, 0.09765304483903087, 0.19086121904066655, 0.004980745015686572 ],
		[ 0.0011891414985798878, 0.059500686483693284, 0.016468804434213863, 0.017998601061398178, 0.05547156286739665, 0.061921852497891935, 0.33492823957249424, 0.452521111584332 ],
		[ 0.012164316794744568, 0.0066250741127511495, 0.027002990453262543, 0.034988005602444854, 0.19071394201292438, 0.6060096930518698, 0.04151070091329126, 0.08098527705871136 ],
		[ -0.01943123056151187, -0.02056378530032893, -0.0020432537318544886, -0.01941520502490607, 0.06817586003628676, 0.13877315078345298, 0.33412465001433866, 0.5203798137845224 ]
	],
"activityUserData_3": [
		[ 0.7214762828795299, 0.2502793140261617, 0.02559923845482944, 0.02470538304188118, -0.022060218402402253 ],
		[ 0.08152223905413798, 0.010328406268383031, 0.6121708924185928, 0.2511252293418724, 0.04485323291701371 ],
		[ 0.1359939792724776, 0.1916165099011677, 0.21815090851010932, 0.32905496311345545, 0.1251836392027899 ],
		[ 0.019663589857138716, 0.4305119692643867, 0.02618306224024138, 0.030997665921664776, 0.4926437127165686 ],
		[ 0.04134390893671579, 0.11726380053990088, 0.11789589837622703, 0.3641167585811262, 0.3593796335660302 ]
	],
"activityUserData_4": [
		[ 0.5208063453038781, 0.38375683341671685, 0.08765434261839765, 0.007782478661007355 ],
		[ 0.30185110795016035, 0.16098704991310459, 0.02085460193640179, 0.5163072402003333 ],
		[ 0.07533470578426538, 0.08681436227140224, 0.31233968157990866, 0.5255112503644237 ],
		[ 0.10200784096169613, 0.36844175439877636, 0.5791513738652919, -0.04960096922576429 ]
	],
"activityUserData_5": [
		[ 0.08352377576417018, 0.7053707818409813, 0.007815008294472334, 0.1714518480699008, 0.0018110399870642797, 0.010682755970826196, 0.01299407446462594, 0.006350715607958961 ],
		[ 0.3260036667270289, 0.0739069480259254, 0.05602032819900139, 0.31747338795057906, 0.059076250420248694, 0.01608312331852975, 0.08786002990024658, 0.06357626545844022 ],
		[ 0.4260976042147657, 0.04690339218078256, 0.4048906279420232, 0.08713575948701374, 0.007547808445728675, 0.0259060290236387, 0.001901196426106672, -0.0003824177200592413 ],
		[ 0.10889519738990228, 0.04405958697133353, 0.442265797856795, 0.14158993074510265, 0.18959842730490672, 0.017437963999236597, 0.0029442733769899053, 0.05320882235573339 ],
		[ 0.015233694032934748, 0.030169615354981666, 0.009906698697330437, 0.23134867141923537, 0.4359640975256838, 0.2226752529154022, 0.01046717671828683, 0.044234793336145065 ],
		[ 0.01150994362408605, 0.03429268964399892, 0.03732831204564278, 0.013551655412901995, 0.13871744218778373, 0.4696302450000829, 0.1669004423153666, 0.128069269770137 ],
		[ 0.018095792307065345, 0.0224381380392997, 0.04408851178691636, 0.021278882476226942, 0.060930822142797915, 0.1688513800841492, 0.12440286832111624, 0.5399136048424282 ],
		[ 0.010640325940046873, 0.0428588479426969, -0.002315284822181414, 0.01616986443903939, 0.10635411198578615, 0.06873324968813446, 0.5925299384772613, 0.16502894634921628 ]
	],
"activityUserData_6": [
		[ 0.6266846683182445, 0.03434592455480859, 0.29397790971532883, 0.0368040024991302, 0.008187494912487867 ],
		[ 0.19044487478056812, 0.09068931117059474, 0.5607930853166085, 0.005345630798313281, 0.15272709793391526 ],
		[ 0.10734126666496083, 0.40604536630304117, 0.07408599926341981, 0.4232151406208087, -0.010687772852230493 ],
		[ 0.08815801022110797, 0.23677522673632148, 0.03076022568783807, 0.11129516069353547, 0.533011376661197 ],
		[ -0.012628819984881468, 0.23214417123523404, 0.0403827800168048, 0.4233400653882123, 0.31676180334463044 ]
	],
"activityUserData_7": [
		[ 0.3891918565350827, 0.21611324492598363, 0.33312074409673, 0.049149713449324, 0.012424440992879711 ],
		[ 0.3945560665302202, 0.05531544363780419, 0.1514009133100637, 0.23803347964453703, 0.16069409687737501 ],
		[ 0.2154957366446852, 0.5821026461883874, 0.18353900765365333, 0.03134393691975564, -0.012481327406481578 ],
		[ 0.02619818301551151, 0.08119983568588934, 0.2937752121735792, 0.4800269987953456, 0.11879977032967437 ],
		[ -0.025441842725499583, 0.06526882956193553, 0.03816412276597381, 0.20144587119103774, 0.7205630192065524 ]
	]
}