{
"user": "user_1",
"user_info": {
	"json_timestamp":"2019-09-26 13:31:48.069327",
	"json_timestamp_epoch":"1569497508069.3486",
	"json_timestamp_epoch_info":"json_timestamp_epoch is the time in milliseconds since the epoch as a floating point number. Epoch is designed to be January 1, 1970, 00:00:00 (UTC)"
},
"modelUserData_0": [
		[ 0.5449813985687463, 0.16355725931519235, 0.276690823988891, 0.00828686894183143, 0.003639001334201879, 0.002844647851137031 ],
		[ 0.06703791668596373, 0.4350864366758865, 0.21072311462810053, 0.15443237075660377, 0.09077892258198067, 0.041941238671464875 ],
		[ 0.16154492016649163, 0.3181764119810392, 0.16275080945421358, 0.30198342687322566, 0.003454636833754534, 0.052089794691275434 ],
		[ 0.06374678693906179, 0.03447486876114317, 0.3398808976616946, 0.3283874157365845, 0.058087002497677086, 0.17542302840383892 ],
		[ 0.011941031830462, 0.04117482892489785, 0.007703586067378588, 0.08273856152941227, 0.3209230683155061, 0.5355189233323431 ],
		[ 0.1507479458092746, 0.0075301943418409345, 0.0022507681997216413, 0.12417135616234244, 0.5231173684368796, 0.19218236704994074 ]
	],
"modelUserData_1": [
		[ 0.7370376747687368, 0.07951197551231916, 0.09378807243851314, 0.06046602684180534, 0.01063233840999926, 0.018563912028626284 ],
		[ 0.17121358927609243, 0.7214978504605369, 0.005935571810505146, 0.09988039652891044, 0.00019987091904442912, 0.0012727210049106176 ],
		[ 0.05611823534028714, 0.12186077310896481, 0.7008144951726317, 0.03881446263888491, 0.0028622347320750264, 0.07952979900715637 ],
		[ 0.0296609116187306, 0.05650504482728671, 0.0794102107468071, 0.46540961715321133, 0.35329046604964415, 0.015723749604320103 ],
		[ 0.0015317436758825386, 0.0024966954436799124, 0.03826680116245773, 0.26022666526332683, 0.45303361281227955, 0.24444448164237348 ],
		[ 0.0044378453202704666, 0.018127660647212482, 0.08178484866908509, 0.07520283157386115, 0.17998147707695772, 0.6404653367126132 ]
	],
"modelUserData_2": [
		[ 0.3593575493912271, 0.582982684939936, 0.0022156051853392234, 0.04871242490002764, 0.0018576744290041745, 0.0013537706437512593, 0.002657356868042263, 0.0008629336426723417 ],
		[ 0.18772922869334738, 0.3136977052282157, 0.280613313420896, 0.09825700449869043, 0.1185381247487759, 0.0008524501496251974, 5.216313864643707e-06, 0.00030695694658469235 ],
		[ 0.3485712902742204, 0.04034656347615656, 0.009937374863838985, 0.18541211989831957, 0.2875123955423991, 0.1046455782170462, 0.010469650311107971, 0.01310502741691119 ],
		[ 0.08111115658736455, 0.0384185678050373, 0.44004115469939403, 0.4228319213575796, 0.0010645555287053913, 0.015669366780857806, 0.00046631367272540055, 0.0003969635683359569 ],
		[ 0.0040319691738378745, 0.022630223285621504, 0.08070354894063193, 0.09681433943236518, 0.0023224318719918973, 0.36842061271451987, 0.05826660851995193, 0.3668102660610799 ],
		[ 0.003266174617975868, 0.0011505489744129595, 0.15830777245537073, 0.02558520106876169, 0.11544589830117105, 0.1978879501501683, 0.35154126022804655, 0.1468151942040929 ],
		[ 0.010179247940554267, 0.00034507482719035794, 0.020247310000481068, 0.1141076775655718, 0.45841433942971616, 0.12005532846537151, 0.04797085968724469, 0.2286801620838701 ],
		[ 0.005753383321472528, 0.0004286314634296084, 0.007933920434048041, 0.008279311278684087, 0.014844580148236253, 0.19111494287865974, 0.5286227343990165, 0.24302249607645293 ]
	],
"modelUserData_3": [
		[ 0.7446475066914225, 0.09138939032753048, 0.038318360861666984, 0.038742049220152175, 0.07923991728631917, 0.003956621473621344, 0.0004654940238785249, 0.003240660115408796 ],
		[ 0.2337156257279705, 0.599497033242995, 0.04855428576119318, 0.045201194503258914, 0.033528442504948394, 0.022518839007099094, 0.016064279072813256, 0.0009203001797217399 ],
		[ 0.0024956142034257777, 0.009653449830247301, 0.4185235424092873, 0.4330543126295703, 0.040007803575546605, 0.09412290356740065, 0.0007795857924765151, 0.0013627879920454907 ],
		[ 0.005207403871449438, 0.05813198327431911, 0.15017473483044289, 0.33846089912648153, 0.17103179474110025, 0.1397354610820391, 0.08207903296571824, 0.05517869010844943 ],
		[ 0.009385948139097667, 0.18498275795258337, 0.19110683097596073, 0.07378960086420987, 0.28702972895293954, 0.04468823230552283, 0.035089334773269594, 0.17392756603641651 ],
		[ 0.0020586626395482054, 0.03660810068961344, 0.1369545755617418, 0.03564457552460918, 0.2523790597870401, 0.37130590060153223, 0.09934771502032413, 0.06570141017559095 ],
		[ 0.0011688703988221416, 0.0075935794348754885, 0.010319248102982254, 0.02216281315957138, 0.09640727060160022, 0.2041260148622114, 0.16298710462421287, 0.49523509881572425 ],
		[ 0.001320368328263727, 0.01214370524783585, 0.00604842149672492, 0.012944554972146652, 0.040375982550505826, 0.11954602710057335, 0.6031874537273069, 0.20443348657664284 ]
	],
"modelUserData_4": [
		[ 0.8378131823500294, 0.12139139745941548, 0.036212481243663774, 0.0027747254247968032, 0.0006436884176336015, 0.0011645251044609052 ],
		[ 0.14399604868511945, 0.43387841321646403, 0.1860477531491758, 0.06654890366661206, 0.1073330434601445, 0.06219583782248411 ],
		[ 0.012223199509352736, 0.1429962483860753, 0.04130332819608166, 0.26270003285237514, 0.33783821813585274, 0.20293897292026247 ],
		[ 0.0022408815979372727, 0.25974596503912223, 0.0933887509034538, 0.026633479651079525, 0.21973508176637893, 0.3982558410420284 ],
		[ 0.0015400654016936059, 0.018704220777539585, 0.20031667723547106, 0.12946721411651857, 0.19588768747601387, 0.4540841349927633 ],
		[ 0.0021866224558674974, 0.02328375512138336, 0.44273100927215403, 0.5118756442886179, 0.13856228074397642, -0.11863931188199911 ]
	],
"modelUserData_5": [
		[ 0.6954595364775309, 0.23121448924005125, 0.06560560957672629, 0.004745758266850913, 0.002974606438840655 ],
		[ 0.12670243042363505, 0.7672163580168717, 0.07399027490832434, 0.029595400155756985, 0.0024955364954119125 ],
		[ 0.04369691319345517, 0.0010165536178023175, 0.11108200081188267, 0.36123620411616786, 0.482968328260692 ],
		[ 0.06345329828132239, 0.000410325359397486, 0.12226030418111783, 0.2761881427755902, 0.5376879294025723 ],
		[ 0.0706878216240565, 0.00014227376587720345, 0.6270618105219488, 0.3282344946856341, -0.026126400597516808 ]
	],
"activityUserData_0": [
		[ 0.5594391571543526, 0.15889336722255426, 0.28203386742186987, 0.016064411314462318, 0.009826396698445122, -0.026257199811684118 ],
		[ 0.053973686818316775, 0.4263351198420542, 0.2126665218414368, 0.15507712739952467, 0.09800239869199148, 0.053945145406676026 ],
		[ 0.15598029929739307, 0.3168853513359826, 0.15305608335585041, 0.3073188593589583, 0.010754618064388738, 0.05600478858742683 ],
		[ 0.0568503653867632, 0.044934076767767055, 0.3183688819305057, 0.33710536441894257, 0.05259280025967367, 0.19014851123634774 ],
		[ 0.025881964270508914, 0.05097222200473303, 0.018143655856739254, 0.0779423866774522, 0.3374752084886427, 0.4895845627019238 ],
		[ 0.14787452707266552, 0.0019798628269087973, 0.015730989593597994, 0.10649185083065997, 0.4913485777968583, 0.23657419187930956 ]
	],
"activityUserData_1": [
		[ 0.748790886659121, 0.07283391615501225, 0.10779802129806751, 0.07601886769466996, 0.021155155015173045, -0.02659684682204374 ],
		[ 0.16993165365206586, 0.7232941486738808, 0.010749874932688412, 0.10691935873621805, 0.009811568633609035, -0.02070660462846212 ],
		[ 0.06203955568036515, 0.11486860910505335, 0.7070948453292422, 0.03835813835808409, 0.009705726997262033, 0.06793312452999323 ],
		[ 0.028966636680238578, 0.05302193294859455, 0.06547829588966818, 0.4744418314618527, 0.3642248442759282, 0.01386645874371778 ],
		[ 0.003980352870738876, 0.0025241610549204575, 0.06341300868656377, 0.25113984167217185, 0.44604868087612976, 0.23289395483947534 ],
		[ -0.013709085542529434, 0.03345723206253866, 0.04546595386376999, 0.05312196207700337, 0.149054024201898, 0.7326099133373194 ]
	],
"activityUserData_2": [
		[ 0.3804253393440819, 0.5891903740576251, 0.0012000818130388025, 0.059567221426525624, 0.0014388242266778698, 0.023498549391936165, 0.0074994443229012, -0.0628198345827867 ],
		[ 0.17814520949136808, 0.30794623327723336, 0.2641966166175415, 0.08881406887065806, 0.11741903407645739, 0.0008339249323623567, 0.0015761657579059242, 0.041068746976473364 ],
		[ 0.3600161146375374, 0.028742948583759725, 0.007965861023085842, 0.1865573688930359, 0.3066878128139463, 0.11016755437928294, 0.00738448225541161, -0.007522142586059603 ],
		[ 0.07594328602405286, 0.045044141549333325, 0.4250622767755413, 0.4145486918433169, 0.00908991553793056, 0.023625409454984887, 0.0035266782740913795, 0.0031596005407487676 ],
		[ 0.007368698229733775, 0.018677324316924183, 0.08254293336715308, 0.09520217499457358, 0.008534828599741624, 0.37693490465165946, 0.04196737931417965, 0.3687717565260346 ],
		[ 0.008323406541861228, 0.002218819619755519, 0.14448845387663917, 0.007448284132907799, 0.12321468853845396, 0.19896524851483102, 0.3443945817075528, 0.17094651706799852 ],
		[ 0.015177437920636503, 0.021397422772340042, 0.019170209968514953, 0.11587440648614607, 0.4373850568021879, 0.12240061833937176, 0.048479633312947044, 0.22011521439785567 ],
		[ -0.025399492189271816, -0.013217264176971243, 0.05537356655848544, 0.03198778335283621, -0.003770160595395644, 0.14357379033557138, 0.5451716350550103, 0.2662801416597351 ]
	],
"activityUserData_3": [
		[ 0.7434905886758578, 0.09896884756599134, 0.031920183384487405, 0.044150859826750335, 0.07061081167791791, 0.009130560066117996, 0.0018251255387209848, -9.697673584379077e-05 ],
		[ 0.24219669495374024, 0.6026833739760679, 0.04399882348850666, 0.03691404330351981, 0.03321458406613678, 0.02188697047633755, 0.012985386816684845, 0.006120122919006302 ],
		[ 0.004029450850538928, 0.00823382905894133, 0.42039191427367695, 0.42442499730734684, 0.023143345366217403, 0.09825184140305672, 0.0214368726115632, 8.774912865860962e-05 ],
		[ 0.00400661674165186, 0.039400019657255494, 0.15959920597763652, 0.3407706034812338, 0.1789628191075584, 0.16165024405254902, 0.1032693692648932, 0.01234112171722175 ],
		[ 0.0030032634938239964, 0.18465826637562635, 0.18491833822747905, 0.0660438699722949, 0.2956559791820625, 0.038229143121245736, 0.040323980700654086, 0.1871671589268134 ],
		[ 0.0003018348745878999, 0.0224944781883174, 0.1460278241061993, 0.03700705353206819, 0.2562647057512872, 0.3595915443264721, 0.09360001290968425, 0.08471254631138367 ],
		[ 0.00900686547790818, 0.025480523692647035, 0.0036726620523564422, 0.008265806020114713, 0.11849148000436584, 0.21005443147283578, 0.1620539049952983, 0.46297432628447377 ],
		[ -0.006035315068108929, 0.018080661485153214, 0.009471048489657578, 0.04242276655667142, 0.02365627484445397, 0.10120526508138503, 0.5645053471625012, 0.2466939514482862 ]
	],
"activityUserData_4": [
		[ 0.849330369850188, 0.12899460663151094, 0.01648781275407662, 0.016392838786593304, 0.0020697184123570763, -0.013275346434725891 ],
		[ 0.14477273073557922, 0.4268405780150673, 0.19330224975065713, 0.06628890465385343, 0.10120172641814225, 0.06759381042670061 ],
		[ 0.01045998578497053, 0.14741411024683207, 0.034728093966567716, 0.26009432617918826, 0.3290091297786471, 0.21829435404379433 ],
		[ 0.010559704206184588, 0.23730278329706564, 0.09134338466899433, 0.013942823588175989, 0.24027315585776243, 0.40657814838181694 ],
		[ 0.005140388130933317, 0.03152283518722732, 0.19958569783602378, 0.12435243643638098, 0.1975338648994824, 0.44186477750995223 ],
		[ -0.020263178707855607, 0.027925086622296667, 0.46455276102368037, 0.5189286703558081, 0.12991240463360867, -0.12105574392753815 ]
	],
"activityUserData_5": [
		[ 0.6975326920017993, 0.23379267942671625, 0.06191259312711809, 0.012998847602473274, -0.006236812158106959 ],
		[ 0.13372927872769821, 0.7672343141720435, 0.06704685131088475, 0.020334236050159715, 0.011655319739213826 ],
		[ 0.051627605769275234, 0.006047314855377229, 0.10312519937202656, 0.3525765514563139, 0.486623328547007 ],
		[ 0.06937296648761354, 0.017103161081202786, 0.11308521156973017, 0.28156532552692176, 0.5188733353345318 ],
		[ 0.04773745701361366, -0.0241774695353397, 0.6548301446202405, 0.3325250393641314, -0.010915171462645867 ]
	]
}