{
"user": "user_2",
"user_info": {
	"active":false,
	"json_timestamp":"2019-10-23 21:28:42.302221",
	"json_timestamp_epoch":"1571858922302.2527",
	"json_timestamp_epoch_info":"json_timestamp_epoch is the time in milliseconds since the epoch as a floating point number. Epoch is designed to be January 1, 1970, 00:00:00 (UTC)"
},
"modelUserData_0": [
		[ 0.09088857605180523, 0.882544671185079, 0.022087059389409823, 0.0020515876149023284, 0.002428105758803668 ],
		[ 0.7425180438393049, 0.10343663072012403, 0.11606851566266772, 0.03531796189811538, 0.0026588478797879844 ],
		[ 0.09733690165367276, 0.007966311023340082, 0.6106402080234584, 0.18962623553566002, 0.09443034376386875 ],
		[ 0.05136790546141461, 0.0023355727627129394, 0.1965309103063386, 0.2628423380454217, 0.48692327342411224 ],
		[ 0.01788857299380254, 0.0037168143087439923, 0.054673306618125445, 0.5101618769059005, 0.41355942917342736 ]
	],
"modelUserData_1": [
		[ 0.456910589271464, 0.5244487677780649, 0.0040918302306320094, 0.013145454978495303, 1.8931376115847274e-05, 0.001384426365227916 ],
		[ 0.1302745051079343, 0.3490480107824084, 0.21019998438681203, 0.17519820455894264, 0.037565577460363805, 0.09771371770353882 ],
		[ 0.24864548172004655, 0.08943192919014674, 0.3530869604540184, 0.26727863554769093, 0.022118570929242132, 0.019438422158855273 ],
		[ 0.160819673857226, 0.009076563274168377, 0.24307555756883537, 0.1449262221675719, 0.12716616900050287, 0.31493581413169547 ],
		[ 0.0027052942140584923, 0.003265232861079362, 0.1126763637513042, 0.17257938421703847, 0.14224610531583695, 0.5665276196406825 ],
		[ 0.0006444558292706382, 0.024729496114132214, 0.0768693036083981, 0.22687209853026077, 0.6708846459179384, 0.0 ]
	],
"modelUserData_2": [
		[ 0.8659772919918688, 0.05161222510587326, 0.05749166092353807, 0.01601714007457743, 0.00890168190414244 ],
		[ 0.03379112490922721, 0.2808530280386326, 0.30782610187514775, 0.1950364456067899, 0.1824932995702025 ],
		[ 0.024503721671414423, 0.4770720406536474, 0.054792170523646246, 0.10502904926140375, 0.3386030178898881 ],
		[ 0.03232341141534372, 0.13687497027160728, 0.2986700088245892, 0.3238992898628565, 0.20823231962560335 ],
		[ 0.04340445001214586, 0.05358773593023952, 0.28122005785307863, 0.3600180751943724, 0.26176968101016357 ]
	],
"modelUserData_3": [
		[ 0.9907792023915157, 0.007951511809057068, 0.0007113576240493061, 0.00028789397683759655, 0.0002601102717838841, 1.3189066940922865e-06, 4.272059198502467e-06, 4.332960863816773e-06 ],
		[ 0.001230134237676089, 0.905774884829278, 0.08872159363919067, 0.0006162513972598779, 0.00044120474706509257, 0.00047452080639820334, 0.0017663607929622512, 0.0009750495501698242 ],
		[ 0.006141762288724738, 0.05277155212224987, 0.7216600629254843, 0.15699289078805043, 0.013867528342483037, 0.044052183970447675, 0.0022045025364408554, 0.002309517026119075 ],
		[ 0.0012847768792535407, 0.018916502834649025, 0.1699792822807566, 0.7435952662159898, 0.029328009654186974, 0.030436834176781277, 0.0011554390368965274, 0.005303888921486142 ],
		[ 0.0003652191157822368, 0.012765239159834775, 0.016108473051668768, 0.05862358651621403, 0.306996740198624, 0.3694973419780047, 0.05230799981568481, 0.18333540016418673 ],
		[ 4.6586480373333516e-05, 0.0001895519908871661, 0.0015515459986416994, 0.03245503027312593, 0.5075640977943435, 0.3026375135031048, 0.1111128253584493, 0.04444284860107417 ],
		[ 5.955906255011556e-05, 0.0013834733669114546, 0.0006879762257374789, 0.006610207591450825, 0.08662418425296145, 0.11041509546009065, 0.1764766981327224, 0.6177428059075757 ],
		[ 9.275954412421159e-05, 0.00024728388713260636, 0.0005797082544712001, 0.0008188732410715086, 0.05491812473855198, 0.14248519119847874, 0.6549719022676455, 0.14588615686852469 ]
	],
"modelUserData_4": [
		[ 0.2854874768623955, 0.028494399859873457, 0.5815672727589142, 0.012972429533610125, 0.040245651789871925, 0.005138358637521002, 0.0070518206510776955, 0.020274298374457163, 0.018768291532278956 ],
		[ 0.3140217365070911, 0.6076688898431134, 0.050327859925004347, 0.00030164690801840263, 0.0058292881138149455, 0.006447753089634035, 0.0036945096178081045, 0.008556192436911754, 0.0031521235586039233 ],
		[ 0.3431893617035203, 0.3228516192811038, 0.14270707097745075, 0.1351802669469144, 0.052749526625261535, 0.001047668227075029, 0.002123061759948077, 0.00011211594455327582, 3.9308534172822265e-05 ],
		[ 0.029307672841688618, 0.021566464285181174, 0.05052608279405021, 0.7997161164728551, 0.09596730701778095, 0.00100253930072545, 0.00019013049378513694, 0.001032549745395481, 0.0006911370485377902 ],
		[ 0.02330700286765363, 0.019237102728600707, 0.1587696417453864, 0.023786722692005116, 0.5632905031563068, 0.16695881489804607, 0.01800680661874139, 0.010556292737052109, 0.016087112556207775 ],
		[ 0.003562143169908788, 5.778756962808779e-05, 0.015332029266149988, 0.011952615398290617, 0.013327089773190921, 0.08551475673831514, 0.1926343660321912, 0.4395002178655156, 0.23811899418680976 ],
		[ 0.0005337448999880844, 1.4403035808661745e-05, 0.00031622735118390984, 0.010011756378635574, 0.20733824820802665, 0.3827657424996051, 0.19618141915533951, 0.10931670680991097, 0.09352175166150152 ],
		[ 0.00012801587503246227, 4.101600264718744e-05, 0.00035394764887671274, 0.004664557703736637, 0.02008064217254386, 0.11088461825508031, 0.3803499924627251, 0.0044180798674475835, 0.4790791300119101 ],
		[ 0.0004628452727215008, 6.831739404354065e-05, 9.986753298351259e-05, 0.0014138879659340272, 0.0011717431432024979, 0.24023974835399783, 0.19976789320838378, 0.4062335462187561, 0.1505421509099773 ]
	],
"modelUserData_5": [
		[ 0.09793852428571881, 0.32722268359004386, 0.30070137139836967, 0.05615840770178163, 0.052162294255524294, 0.1485657034874827, 0.0016827696086159439, 0.0029441238882835967, 0.012624121784179463 ],
		[ 0.34588740083023006, 0.34059804776524666, 0.13501705897336527, 0.0718101517622286, 0.07464585707671467, 0.022494816499092473, 0.007588380274691406, 0.0006158064232081698, 0.001342480395222682 ],
		[ 0.20721726878950741, 0.21888392737219758, 0.04082666389500702, 0.44711978966803656, 0.014840005605968072, 0.05429658333195798, 0.0010816129250960332, 0.002074574367303916, 0.013659574044925502 ],
		[ 0.2897412332240815, 0.04272229591641714, 0.30338018328098376, 0.08632531961744198, 0.2620016841922917, 0.01511706954435509, 0.00041722891922702865, 4.182962717437683e-05, 0.00025315567802734534 ],
		[ 0.014568397458686254, 0.051022626763301736, 0.003968269341528467, 0.033045215869041744, 0.11633710677749404, 0.02653999767132513, 0.5422670440380759, 0.10808679575656542, 0.10416454632398144 ],
		[ 0.029207726968486586, 0.002963054511071464, 0.07062646927405895, 0.25602820766658024, 0.14918206726223912, 0.27520947341885205, 0.06957288606135195, 0.014034548561138536, 0.133175566276221 ],
		[ 0.008680148974184482, 0.0022207089629894283, 0.13305149368297536, 0.0060658935244419085, 0.19456922269320942, 0.3009060457530458, 0.27830254359279566, 0.009774811693999377, 0.06642913112235857 ],
		[ 0.0012821903250980892, 0.0010977984075757068, 0.010123332670062027, 0.030019892459505537, 0.11650762618826793, 0.009408730830638111, 0.043977820769631325, 0.39671713009037124, 0.39086547825885 ],
		[ 0.005477109144006787, 0.013268856711156489, 0.002305157483649475, 0.013427121730941807, 0.019754135948290785, 0.14746157946325075, 0.055109713810514806, 0.4657103795919554, 0.2774859461162341 ]
	],
"modelUserData_6": [
		[ 0.6510965275515482, 0.016379959445429484, 0.10433681220620794, 0.22818670079681436 ],
		[ 0.16885783528483927, 0.10100249329898792, 0.39175559013728584, 0.3383840812788869 ],
		[ 0.014526232323825864, 0.6374213058969601, 0.03570269362111306, 0.31234976815810095 ],
		[ 0.16551940483978664, 0.2451962413586225, 0.4682049040353931, 0.12107944976619778 ]
	],
"modelUserData_7": [
		[ 0.9299027613276335, 0.055920496683322454, 0.012333069417873424, 0.0014358491125635049, 0.0002672897207261472, 1.9139680870260736e-06, 2.1195777719301905e-05, 7.581955387621016e-05, 4.1604438198433814e-05 ],
		[ 0.02496708871625426, 0.404555189172914, 0.3473720970072847, 0.2115710550822797, 0.0047532372110129706, 0.0006226033213457372, 0.001559414981415498, 0.002907295201997643, 0.0016920193054954387 ],
		[ 0.00502811506244882, 0.05905140244585456, 0.32962010822352966, 0.2369566576673641, 0.3548569889334924, 0.010511421620587656, 0.002255366393502248, 0.0003820184608321499, 0.0013379211923884634 ],
		[ 0.020954469140470458, 0.3469926310965403, 0.2125179564454272, 0.13086301578135753, 0.022539563837572333, 0.1422249287905161, 0.10446600957871376, 0.0015814898958215846, 0.01785993543358064 ],
		[ 0.009204159787976366, 0.11303965050746458, 0.03658764615153131, 0.31231350728309626, 0.0953003848760081, 0.3466195569805781, 0.07401466818075993, 0.008569298019692676, 0.004351128212892635 ],
		[ 0.0008747425780509845, 0.002150277446306331, 0.000794273306647649, 0.06884440749234272, 0.22484022759832825, 0.24607428451912788, 0.041622080658475925, 0.06392042535190917, 0.35087928104881105 ],
		[ 0.008082060419435627, 0.007592179324789787, 0.019735043546261165, 0.023794678922230746, 0.22474660685203462, 0.13351979820257237, 0.3706321814202372, 0.1494644852392975, 0.06243296607314097 ],
		[ 0.00015750106511803328, 0.009762098840188457, 0.015921724002868076, 0.00042518092370624104, 0.06037036044975668, 0.10733564776440573, 0.19730093137809174, 0.48750971096246176, 0.12121684461340343 ],
		[ 0.0008291019026119459, 0.0009360744826195332, 0.025118081898576897, 0.013795647735059213, 0.012325340521068547, 0.013089844832779432, 0.20812815163108433, 0.28558945731411134, 0.44018829968208883 ]
	],
"activityUserData_0": [
		[ 0.0826405860358286, 0.8885057231364388, 0.017270778412465583, 0.0011418629446974175, 0.010441049470569591 ],
		[ 0.7366343865430068, 0.09537386936900283, 0.12109327880088933, 0.04689846528710098, 0.0 ],
		[ 0.10292938997381565, 0.005361588801530849, 0.6129640226796513, 0.19934220438013442, 0.07940279416486781 ],
		[ 0.06470384796559374, 0.0026624711103475952, 0.1952300492948733, 0.26052201204362224, 0.4768816195855631 ],
		[ 0.013091789481755156, 0.008096347582679898, 0.05344187081212046, 0.49209545534444493, 0.43327453677899946 ]
	],
"activityUserData_1": [
		[ 0.46006638560968677, 0.5200155481494946, 0.003635256444063748, 0.010106381652645983, 0.004178631961957379, 0.001997796182151555 ],
		[ 0.1253462608598142, 0.326053577326176, 0.21406918583989684, 0.17158169848636967, 0.03872093594470493, 0.1242283415430383 ],
		[ 0.2498291815700054, 0.08649506431720276, 0.3553858673313355, 0.2768010280766998, 0.025462549251690236, 0.006026309453066314 ],
		[ 0.1659553548379141, 0.019390733252888648, 0.2523813665589735, 0.1434257679215547, 0.11941135317182927, 0.29943542425683983 ],
		[ 0.0009795262123713706, 0.007822558249936818, 0.10354527187909593, 0.16643974050357083, 0.1529007745901211, 0.568312128564904 ],
		[ 0.0, 0.040222518704301186, 0.07098305194663454, 0.23164538335915894, 0.6571490459899053, 0.0 ]
	],
"activityUserData_2": [
		[ 0.8745968669456643, 0.043262762272622005, 0.05361092303938826, 0.02852944774232543, 0.0 ],
		[ 0.031086376326109704, 0.2767470102882749, 0.324260070694309, 0.17227941799373958, 0.19562712469756688 ],
		[ 0.022640616869204967, 0.48203954631685086, 0.07143757981226069, 0.08925088413438842, 0.3346313728672951 ],
		[ 0.0369378376801266, 0.1464946393568974, 0.28564464454435423, 0.31943876803740506, 0.21148411038121667 ],
		[ 0.03473830217889442, 0.051456041765354815, 0.26504678190968767, 0.39050148209214147, 0.25825739205392134 ]
	],
"activityUserData_3": [
		[ 0.9898974417528881, 0.0013602448150792526, 0.0005214016408016998, 0.0006637329271575604, 0.0007705725949063995, 0.0014346161967675624, 0.0053519900723993695, 0.0 ],
		[ 0.000812773488000542, 0.9016581917828055, 0.07953950844871024, 0.009272214017918284, 0.002866199876478163, 0.0018191810167471744, 0.012139588551030764, 0.0 ],
		[ 0.00010805857217950632, 0.04192701399982915, 0.7187960953521775, 0.1652430289653166, 0.021677188789806186, 0.051191038574213345, 0.004569387399496572, 0.0 ],
		[ 0.0018114971676442704, 0.0067544525730836, 0.16217382424497784, 0.7302345850495967, 0.044119659586649054, 0.022996803353192992, 0.011509506965175543, 0.020399671059680047 ],
		[ 0.0019335111602195231, 0.015545694481411331, 0.016611649670797226, 0.059776578535490094, 0.30836995179997717, 0.3626751557286063, 0.047519933639582596, 0.18756752498391582 ],
		[ 0.0013084839574532192, 0.006235224468557131, 0.005403765360978956, 0.016650511025684867, 0.4898324993270994, 0.30380651208559717, 0.11645272763681509, 0.060310276137814145 ],
		[ 0.004128233901614783, 0.026519177879234097, 0.01695375528155647, 0.018159349478836018, 0.08172783320474387, 0.12231249801620478, 0.1974563030293856, 0.5211233803737148 ],
		[ 0.0, 0.0, 0.0, 0.0, 0.05063609482033972, 0.13376419502867065, 0.6050005627061145, 0.21059914744487518 ]
	],
"activityUserData_4": [
		[ 0.27947840625090703, 0.0050698675107591585, 0.5821802846254793, 0.01664483564419657, 0.042099332518298505, 0.008848831504909137, 0.0009269172411502588, 0.022368946679073468, 0.04238257802522655 ],
		[ 0.3268543524162102, 0.6044066138045338, 0.032145352153352, 0.005779959637871746, 0.0005427556590026196, 0.009465866802681702, 0.0025818713733301467, 0.017055862542399353, 0.0011673656106185072 ],
		[ 0.33306420802832165, 0.31454438108088023, 0.1383981532620165, 0.1438033554746927, 0.04016239199224793, 0.0004797714007276168, 0.01071693217397332, 0.01766344097652157, 0.0011673656106185072 ],
		[ 0.016340264473311092, 0.019152347592331222, 0.043388217896431984, 0.7867264975011755, 0.10023229277080829, 0.003001313041244582, 0.004095841816732199, 0.025895859297346717, 0.0011673656106185072 ],
		[ 0.019561552818081487, 0.030010587747354624, 0.155686642635417, 0.01965094798260961, 0.541554771941937, 0.18042680045057755, 0.011518871932919793, 0.020966661113093237, 0.020623163378009665 ],
		[ 0.0067580606986989995, 0.0014377024853316836, 0.029621051061455995, 4.071617498455776e-05, 0.008943654076908478, 0.09162205590470637, 0.20106808083288832, 0.44800189691963355, 0.21250678184539198 ],
		[ 0.008542627939874882, 0.01466158261750114, 0.005076356978607347, 0.015894964881454532, 0.21612259531812475, 0.37609323252415133, 0.20104810613529733, 0.11913202796614114, 0.04342850563884764 ],
		[ 0.009400527374594627, 0.010716917161308171, 0.013503941387239907, 0.0114587227030148, 0.029206352329860165, 0.13549908064508814, 0.3829610840934731, 0.02904942189089622, 0.37820395241452504 ],
		[ 0.0, 0.0, 0.0, 0.0, 0.021135853392812133, 0.19456304772591348, 0.18508229440023566, 0.2998658826148948, 0.2993529218661436 ]
	],
"activityUserData_5": [
		[ 0.10002854238893195, 0.3274032320146271, 0.3098722728111094, 0.05658930071627614, 0.0474214048325179, 0.1564491424573845, 0.002943442541793101, 0.005184191380141281, 0.0 ],
		[ 0.32973345594404413, 0.32934899676479956, 0.14298917692437965, 0.06112857463209366, 0.08081294485425941, 0.016432507015537456, 0.002041151572278648, 0.013478083960589745, 0.024035108332017732 ],
		[ 0.1988225205493283, 0.2174288013483827, 0.028079472001015546, 0.44264774087540587, 0.03026256059098599, 0.03882929863205688, 0.011069640515329006, 0.011956639252292432, 0.020903326235203336 ],
		[ 0.30146906931491474, 0.03851520454322958, 0.314904864862276, 0.08539993215065601, 0.25033590747499457, 0.005808753046692164, 0.005123144525242608, 0.00442120530094616, 0.0 ],
		[ 0.004816773490164726, 0.05852760795730479, 0.005227598816072672, 0.025434168335537632, 0.11440266656259443, 0.022271701936732485, 0.5429127212919719, 0.11284746067393894, 0.1135593009356824 ],
		[ 0.0384627840853512, 0.0017868047738028984, 0.06340959126737343, 0.2535233914769475, 0.15174504801040195, 0.25609040501505115, 0.05112134809495077, 0.015010597834754292, 0.16885002944136676 ],
		[ 0.007217508569336296, 0.009023423936984165, 0.1252290252036623, 0.00030938555439152544, 0.18877033098697213, 0.2942664965060735, 0.2864624101004816, 0.016742068295760804, 0.07197935084633753 ],
		[ 0.019449345657928642, 0.01219688825642365, 0.01028799811411102, 0.03261668172317105, 0.13624913668727356, 0.02053772292406547, 0.046820101328015756, 0.39580833694433226, 0.3141641780029454 ],
		[ 0.0, 0.005769040404445593, 0.0, 0.04235082453552062, 0.0, 0.18931397246640647, 0.0515060400299365, 0.424551416357244, 0.28650870620644686 ]
	],
"activityUserData_6": [
		[ 0.6548118746477585, 0.01772622909509146, 0.10968051558311066, 0.2177813806740394 ],
		[ 0.17017174742390231, 0.10582104979083719, 0.39042450844720067, 0.33358269433805987 ],
		[ 0.007661449053574086, 0.6448260351332414, 0.03566952126253196, 0.31184299455065245 ],
		[ 0.16735492887476514, 0.23162668598082992, 0.4642254547071567, 0.13679293043724827 ]
	],
"activityUserData_7": [
		[ 0.9093245089806373, 0.04631409616582886, 0.0014320245539179693, 0.004925603371013952, 0.008983056981739533, 0.0020912232292664775, 0.008289628108679238, 0.01562981527602231, 0.0030100433328943653 ],
		[ 0.025229782127968073, 0.40752004323427343, 0.3452368489621961, 0.20220999171805393, 0.0011632272025474052, 0.010577216700051694, 0.008971512048027111, 0.005173461776203582, 0.0017375370827433442 ],
		[ 0.0011440500105442117, 0.05585546298755844, 0.31098616904239146, 0.25258194476133944, 0.3594292001390307, 0.002017868977168746, 0.00818622887667254, 0.008061538122551138, 0.0017375370827433442 ],
		[ 0.015744185533921613, 0.33110419207835345, 0.19891208534465388, 0.13273581769160478, 0.0223872418196356, 0.15694745859510315, 0.11832225127765453, 0.02210923057632969, 0.0017375370827433442 ],
		[ 0.019286080713829305, 0.11131813050171326, 0.04729801044599609, 0.31248847095416604, 0.09676784124030882, 0.3187720197512171, 0.09133988612038074, 0.0009920231896452616, 0.0017375370827433442 ],
		[ 0.005309115629706078, 0.0010355963832091072, 0.01590425976425128, 0.0597146941566226, 0.2131631624745079, 0.25065335354092244, 0.05273496705680947, 0.0720046564370563, 0.3294801945569148 ],
		[ 0.020743254281254037, 0.028377131227398204, 0.010993700632629366, 0.022155319305486147, 0.23203795144471884, 0.14428705918630413, 0.3822815908003098, 0.14265051413267046, 0.016473478989228844 ],
		[ 0.003219022722139379, 0.01847534742166513, 0.025919536063703244, 0.004774334581045028, 0.06606831869751129, 0.10851791009526021, 0.19968065583263503, 0.47808933752688204, 0.09525553705915871 ],
		[ 0.0, 0.0, 0.043317365190260554, 0.008413823460668051, 0.0, 0.006135889924706109, 0.13019327987883159, 0.255289422962639, 0.5488305977308298 ]
	]
}