{
"user": "user_0",
"user_info": {
	"active":true,
	"json_timestamp":"2019-10-24 19:00:33.747796",
	"json_timestamp_epoch":"1571936433752.8196",
	"json_timestamp_epoch_info":"json_timestamp_epoch is the time in milliseconds since the epoch as a floating point number. Epoch is designed to be January 1, 1970, 00:00:00 (UTC)"
},
"modelUserData_0": [
		[ 0.6892649078296466, 0.06983732711157294, 0.162651565993018, 0.06321078615545786, 0.014282254148458108, 0.0005682726284928501, 0.0001848861333537048 ],
		[ 0.07885569857733732, 0.6002315635004515, 0.016102845725006636, 0.05350002824675754, 0.17370220491309876, 0.07422863645975654, 0.00337902257759172 ],
		[ 0.31218767486853194, 0.026738984036719222, 0.2864671476264209, 0.2733125061515538, 0.08694847907044795, 0.008808923507858479, 0.005536284738467701 ],
		[ 0.16368601778712644, 0.20704888048274972, 0.37740460354809136, 0.22526899289325023, 0.02000154429335647, 0.0025275504194422135, 0.004062410575983579 ],
		[ 0.005662427653168267, 0.5195846707205398, 0.18398854610462556, 0.022754772196543684, 0.21378842459779548, 0.02322658629691662, 0.030994572430410542 ],
		[ 0.6958295620680843, 0.04077866304489054, 0.11424551906011236, 0.12900892498637884, 0.016831669354046758, 0.001513210154073342, 0.0017924513324138293 ],
		[ 0.537670760210941, 0.2682151816686258, 0.052205595333751964, 0.03504838610165423, 0.037413222489656006, 0.00010899477306531429, 0.06933785942230575 ]
	],
"modelUserData_1": [
		[ 0.727273795304814, 0.16280887031796398, 0.02330619594082221, 0.001875239482424304, 0.08473589895397554 ],
		[ 0.9137215622994596, 0.016659615337982093, 0.015955086976157214, 0.042323447075153994, 0.011340288311247143 ],
		[ 0.028409054821079915, 0.14448499764214542, 0.3471763043381715, 0.3178126240799687, 0.16211701911863452 ],
		[ 0.13024316523933732, 0.5030178886467445, 0.10923847837867585, 0.05022072449181271, 0.20727974324342968 ],
		[ 0.7138247056064446, 0.07701386948449221, 0.13929675654505114, 0.04458720014559439, 0.025277468218417642 ]
	],
"modelUserData_2": [
		[ 0.6084343198721027, 0.1256762453130229, 0.07475185459339705, 0.16623936713637313, 0.003924714877256065, 0.017327139007126107, 0.00010031096773469715, 0.003546048232987306 ],
		[ 0.3493784961583588, 0.1948602249605578, 0.04181786984574959, 0.03218844631309027, 0.13677993449153192, 0.04010368582045738, 0.002185329121019552, 0.20268601328923475 ],
		[ 0.9750876705785622, 0.019997244442179773, 0.0025302305545664198, 0.001727328080535089, 0.00024726799289234545, 0.00028632348890278306, 7.99154364753093e-05, 4.4019425886120545e-05 ],
		[ 0.017684439662015827, 0.5721738890132695, 0.392888920066957, 0.014998424987970532, 0.0005996666811073886, 0.0010493793402312314, 0.0004459751544726225, 0.00015930509397588506 ],
		[ 0.7182272831047061, 0.12436095476240328, 0.12931510669082824, 0.011134681781057905, 0.009095132532029504, 0.004749673003094909, 0.002126303078374487, 0.0009908650475056058 ],
		[ 0.5099283492437119, 0.3130429202917107, 0.1236639328367313, 0.021273103439875533, 0.02929717292593455, 0.002170887317525164, 0.0004326997551933172, 0.00019093418931753444 ],
		[ 0.008668556863949295, 0.9656012358758939, 0.014462261728468479, 0.004945922866409702, 0.0016027446803103206, 0.0015277844519750283, 0.00261277218290031, 0.0005787213500930053 ],
		[ 0.39436981450327135, 0.34401125888752243, 0.049957100027517104, 0.039105680679377884, 0.010668299012051286, 0.04669062615946736, 0.04887135990982647, 0.06632586082096609 ]
	],
"modelUserData_3": [
		[ 0.8062796305370439, 0.06890782874577445, 0.010122000902958814, 0.11469053981422286 ],
		[ 0.7802744754474019, 0.03344195316649195, 0.16094687345171166, 0.02533669793439447 ],
		[ 0.6189227876888364, 0.3675072812241861, 0.009974090024044126, 0.0035958410629334456 ],
		[ 0.13409239788024974, 0.20836898859457445, 0.04700621874356842, 0.6105323947816075 ]
	],
"modelUserData_4": [
		[ 0.5338369221882506, 0.23728620819723928, 0.20351791954409518, 0.020210056235843772, 0.003422584306915417, 0.0009032691217265533, 0.0008230404059291728 ],
		[ 0.19416981396576238, 0.12277770063864901, 0.42267134583817906, 0.05651173348256317, 0.1966256802809658, 0.0020728865847098174, 0.005170839209170761 ],
		[ 0.19766451838426957, 0.3092940716561476, 0.19138258912652048, 0.25262716065245505, 0.03303182816658413, 0.013770652932612443, 0.0022291790814107683 ],
		[ 0.11528205136877023, 0.012862433158451399, 0.8464507978187106, 0.007580486650723936, 0.006539888298721509, 0.011263356221799026, 2.098648282334789e-05 ],
		[ 0.3123323992709537, 0.14168370461594565, 0.4698826452235182, 0.06772381030431321, 0.0012659918916244034, 0.004890631375986008, 0.002220817317658907 ],
		[ 0.9073183486905108, 0.06795801569574596, 0.012124367491682433, 0.0009464546432891872, 0.011546780877005695, 7.300979983002779e-05, 3.302280193594329e-05 ],
		[ 0.36689017801941237, 0.3321592303331381, 0.20344078949722974, 0.04881560770222422, 0.002183803381973852, 0.019217249025436957, 0.027293142040584757 ]
	],
"modelUserData_5": [
		[ 0.3207539645701265, 0.3761799090229579, 0.1755654416798354, 0.1275006847270802 ],
		[ 0.9604833244500712, 0.0037329236426682706, 0.005383703170251698, 0.0304000487370088 ],
		[ 0.9685259134025913, 0.020765752216522288, 0.009675163680003564, 0.0010331707008828378 ],
		[ 0.08002307690870714, 0.0751663530587539, 0.28950548301718076, 0.5553050870153582 ]
	],
"activityUserData_0": [
		[ 0.6615261767248898, 0.07139821241759807, 0.17476934652852538, 0.06898808105980567, 0.025287016547125334, 0.002199962506721562, 0.0 ],
		[ 0.08506400031521671, 0.6056972068299492, 0.0013718272871965295, 0.05029589899511196, 0.17355751565465988, 0.07362670906495125, 0.010386841852914414 ],
		[ 0.31480648450534643, 0.019005315641523156, 0.2867950660019167, 0.2789632208913104, 0.10215487597876613, 0.003914929744154673, 0.0 ],
		[ 0.17986887145312314, 0.22038564209019337, 0.3516279322611966, 0.22461763809697974, 0.012162219231108702, 0.0016179621155398445, 0.009719734751858583 ],
		[ 0.00016734766035182442, 0.5137578917312478, 0.1888971580172861, 0.01833314670704916, 0.20620270324432707, 0.015610447380958223, 0.057031305258779794 ],
		[ 0.6959046721750184, 0.021303283020164886, 0.11407541090610125, 0.1414311347483288, 0.010312420123591947, 0.0040845233428644335, 0.012888555683930315 ],
		[ 0.533748378468365, 0.25915569878434314, 0.06380759461208249, 0.03289026419197111, 0.04549916968538461, 0.004522531290919049, 0.06037636296693462 ]
	],
"activityUserData_1": [
		[ 0.7224786531057509, 0.16330504447994046, 0.030837741634016567, 0.010518958248210803, 0.07285960253208129 ],
		[ 0.9133309846516225, 0.021546030126784275, 0.013197934852772333, 0.04626219478215711, 0.00566285558666374 ],
		[ 0.02611197403626029, 0.15151093318888015, 0.34173301734603495, 0.3066080391478855, 0.17403603628093905 ],
		[ 0.11768214541773216, 0.4989216928658327, 0.10833721328919226, 0.06167352434320954, 0.21338542408403333 ],
		[ 0.7126568660827679, 0.08943379145459596, 0.13006399422915832, 0.047283095332864414, 0.020562252900613406 ]
	],
"activityUserData_2": [
		[ 0.6134324935048192, 0.12827835750315278, 0.09549708970363147, 0.14488395287262432, 0.004864804383438274, 0.010307588665965773, 0.0027357133663681553, 0.0 ],
		[ 0.3519032712236007, 0.20789147163472627, 0.06197385984865277, 0.018219011623672905, 0.1218363698471785, 0.032593734374978964, 0.0052787676471622025, 0.20030351380002762 ],
		[ 0.9754978515493071, 0.00464821717526817, 0.0011465983847340374, 0.0018602008094141676, 0.01276238993057727, 0.0030160458912371025, 0.0010686962594621434, 0.0 ],
		[ 0.014276500680028541, 0.5653999266158893, 0.3698627614932084, 0.010080743581274521, 0.005485416819831133, 0.0017232737867116062, 0.002950646902366946, 0.030220730120689557 ],
		[ 0.7187852066951644, 0.12562659914828833, 0.12108713358820007, 0.004287131568366499, 0.023977236687041478, 0.0009310420057476701, 0.005305650307191491, 0.0 ],
		[ 0.505250291381973, 0.3112449273647841, 0.12290484006526052, 0.013358758650221946, 0.036898753855377, 0.008943176643824737, 0.001399252038558714, 0.0 ],
		[ 0.017955432925175804, 0.9525241797835912, 0.010742813914720968, 0.0074710817715827275, 0.009206238064517851, 0.0007205798332299786, 0.001379673707181442, 0.0 ],
		[ 0.4035494744333953, 0.35137465544287655, 0.05205489122698767, 0.044377642532477966, 0.016721743860488268, 0.041873632918856825, 0.04887750620561356, 0.04117045337930387 ]
	],
"activityUserData_3": [
		[ 0.8173213932453443, 0.06473855005888131, 0.02386049934770668, 0.09407955734806776 ],
		[ 0.7868085283689984, 0.04512184531728546, 0.15431637559557432, 0.013753250718141818 ],
		[ 0.6261834117142521, 0.37254212003848164, 0.001204852631759186, 6.961561550710565e-05 ],
		[ 0.1496216310550331, 0.2215771526990548, 0.043344203682794166, 0.5854570125631179 ]
	],
"activityUserData_4": [
		[ 0.512385183284628, 0.24593547202705346, 0.20568463293223482, 0.021131027529559088, 0.013175327914365714, 0.0016883563121589027, 0.0 ],
		[ 0.18827055910135426, 0.11355226799683622, 0.43882062888409307, 0.046634198217716166, 0.1910738541477457, 0.006619524733701685, 0.015028966918552863 ],
		[ 0.1915351548833339, 0.3158526577427949, 0.1804600517111857, 0.23031617800034487, 0.03187865966250475, 0.0042876726699215394, 0.04566962532991424 ],
		[ 0.12151620008253469, 0.009691155560010954, 0.8447611046422425, 0.00381069933566271, 0.0007831794287531894, 0.0002767835973098865, 0.019160877353485983 ],
		[ 0.31941500660637623, 0.14640658486825875, 0.4593195464851983, 0.06642382454993422, 0.0012515771013847632, 0.007183460388847766, 0.0 ],
		[ 0.9048250366524461, 0.07058837327203434, 0.0010121952499553746, 0.010328248384784251, 0.007584118563186899, 0.0011404741219354115, 0.004521553755657658 ],
		[ 0.3828079517156753, 0.3351334515409321, 0.17452237430078688, 0.0675680381087978, 0.011943260333413554, 0.016921993330627254, 0.011102930669767135 ]
	],
"activityUserData_5": [
		[ 0.16988991921440424, 0.14097623018302194, 0.31414403343247854, 0.3749898171700953 ],
		[ 0.959514274913709, 0.006005421281328093, 0.004499178219108597, 0.029981125585854307 ],
		[ 0.9596514054946165, 0.019048801696954578, 0.0045749262845785526, 0.0167248665238504 ],
		[ 0.07956961224946642, 0.06842845575963945, 0.2937338415617791, 0.5582680904291151 ]
	]
}