{
"user": "user_1",
"user_info": {
	"active":true,
	"json_timestamp":"2019-09-26 14:14:50.017164",
	"json_timestamp_epoch":"1569500090017.1829",
	"json_timestamp_epoch_info":"json_timestamp_epoch is the time in milliseconds since the epoch as a floating point number. Epoch is designed to be January 1, 1970, 00:00:00 (UTC)"
},
"modelUserData_0": [
		[ 0.1563623234742293, 0.44980710186941186, 0.3898185100485303, 0.004012064607828547 ],
		[ 0.45835303566820895, 0.3049940944569219, 0.11025901436868538, 0.1263938555061838 ],
		[ 0.38483029754301135, 0.2032626627599048, 0.40645612259931907, 0.005450917097764796 ],
		[ 0.00045434331455040944, 0.041936140913761466, 0.09346635298346528, 0.8641431627882229 ]
	],
"modelUserData_1": [
		[ 0.7518344665719162, 0.13700880649414077, 0.02827376842370922, 0.08288295851023379 ],
		[ 0.23643985009727422, 0.24499605026850058, 0.3966436275419968, 0.12192047209222845 ],
		[ 0.004127404592409503, 0.5973658530417378, 0.3357681873491722, 0.06273855501668052 ],
		[ 0.007598278738400058, 0.020629290195620764, 0.23931441668512182, 0.7324580143808572 ]
	],
"modelUserData_2": [
		[ 0.19390434139845136, 0.21917970186140665, 0.5529417423916952, 0.03397421434844672 ],
		[ 0.4205313500031849, 0.4000737538304337, 0.05602371402562479, 0.12337118214075665 ],
		[ 0.2958184559663002, 0.019730036505800047, 0.15604066111626402, 0.5284108464116357 ],
		[ 0.08974585263206353, 0.3610165078023596, 0.23499388246641595, 0.31424375709916097 ]
	],
"activityUserData_0": [
		[ 0.1824727611539231, 0.21668059819218596, 0.5698253184440122, 0.031021322209878743 ],
		[ 0.42567763316787455, 0.40232685478641955, 0.06201831540195327, 0.10997719664375263 ],
		[ 0.30341354709749563, 0.011640443016028809, 0.16277295299575456, 0.5221730568907209 ],
		[ 0.08843605858070674, 0.36935210400536567, 0.20538341315828001, 0.33682842425564774 ]
	],
"activityUserData_1": [
		[ 0.18756877046326864, 0.2349892361176633, 0.5451000433869612, 0.032341950032106825 ],
		[ 0.4245631746926456, 0.38847862094215535, 0.06068913991610859, 0.12626906444909047 ],
		[ 0.31043962142079107, 0.00860971535165525, 0.1434010754663255, 0.5375495877612282 ],
		[ 0.07742843342329464, 0.3679224275885261, 0.25080974123060473, 0.3038393977575745 ]
	],
"activityUserData_2": [
		[ 0.19541751710552796, 0.2370579696895251, 0.5485375490364885, 0.018986964168458464 ],
		[ 0.41192394889833794, 0.40412879938358154, 0.04655348980920251, 0.137393761908878 ],
		[ 0.28510408878868054, 0.010208313851921802, 0.14838434170006737, 0.5563032556593304 ],
		[ 0.10755444520745361, 0.3486049170749716, 0.2565246194542416, 0.2873160182633332 ]
	]
}