{
"user": "user_4",
"user_info": {
	"active":true,
	"json_timestamp":"2019-10-13 18:21:58.751838",
	"json_timestamp_epoch":"1570983718751.8591",
	"json_timestamp_epoch_info":"json_timestamp_epoch is the time in milliseconds since the epoch as a floating point number. Epoch is designed to be January 1, 1970, 00:00:00 (UTC)"
},
"modelUserData_0": [
		[ 0.1956634712630666, 0.16870903080838465, 0.36571370780175294, 0.2699137901267958 ],
		[ 0.5529563036449799, 0.13704378180522514, 0.05149566056851331, 0.25850425398128163 ],
		[ 0.0730888456684312, 0.1577209094608558, 0.29760828897879044, 0.4715819558919226 ],
		[ 0.17829137942352224, 0.5365262779255344, 0.28518234265094333, 0.0 ]
	],
"modelUserData_1": [
		[ 0.8839782633578543, 0.10733172609863505, 0.008097519669328687, 0.0005924908741819224 ],
		[ 0.10054654675140481, 0.7552595886906166, 0.032043234637252456, 0.11215062992072611 ],
		[ 0.00735317671993631, 0.04180598840734895, 0.5405945847320931, 0.41024625014062166 ],
		[ 0.008122013170804533, 0.09560269680339939, 0.41926466096132575, 0.47701062906447034 ]
	],
"modelUserData_2": [
		[ 0.493898495558858, 0.46094836090599467, 0.0033380404992328955, 0.041815103035914424 ],
		[ 0.26451938636988315, 0.07850737321386016, 0.6296973358703991, 0.0272759045458576 ],
		[ 0.016440730230898096, 0.4586537996323224, 0.30995457885759115, 0.21495089127918832 ],
		[ 0.22514138784036075, 0.0018904662478227974, 0.057010044772776824, 0.7159581011390397 ]
	],
"activityUserData_0": [
		[ 0.49167187192580647, 0.4665224679107847, 0.009310591224195145, 0.0324950689392137 ],
		[ 0.26550928052560685, 0.07326390505228245, 0.6299839408454009, 0.031242873576709778 ],
		[ 5.304212788399126e-06, 0.4602136270369328, 0.31297293020496775, 0.22680813854531104 ],
		[ 0.24281354333579833, 0.0, 0.047732537725436175, 0.7094539189387654 ]
	],
"activityUserData_1": [
		[ 0.4943043189492589, 0.4553502571355025, 0.0022706835032518862, 0.048074740411986755 ],
		[ 0.2638229513196816, 0.08882578218598819, 0.640653185271766, 0.006698081222564243 ],
		[ 0.007473067641137287, 0.45582396067850933, 0.323265051143955, 0.21343792053639835 ],
		[ 0.2343996620899223, 0.0, 0.033811080081027144, 0.7317892578290507 ]
	],
"activityUserData_2": [
		[ 0.4844498242458767, 0.45925644704025764, 0.017687665087201043, 0.038606063626664654 ],
		[ 0.27140440069874333, 0.06303640250103383, 0.6481323501313571, 0.01742684666886581 ],
		[ 0.015462500110330901, 0.47770715045870854, 0.3200137394025546, 0.18681661002840597 ],
		[ 0.2286832749450491, 0.0, 0.014166245378887221, 0.7571504796760635 ]
	]
}