{
"user": "user_3",
"user_info": {
	"active":false,
	"json_timestamp":"2020-01-23 12:05:08.490099",
	"json_timestamp_epoch":"1579777508490.1318",
	"json_timestamp_epoch_info":"json_timestamp_epoch is the time in milliseconds since the epoch as a floating point number. Epoch is designed to be January 1, 1970, 00:00:00 (UTC)"
},
"modelUserData_0": [
		[ 0.03742012761288671, 0.17043618131315624, 0.3453533116915226, 0.25861547700475496, 0.14888298737293612, 0.029337795961887212, 0.009954119042856088 ],
		[ 0.9090512843161526, 0.031007491846222538, 0.012697994288049321, 0.022089756429375426, 0.02073821206189728, 0.003372613971446298, 0.0010426470868565717 ],
		[ 0.5849087185578612, 0.37812938485507974, 0.0246049044707058, 0.00479418625029535, 0.00407164654944536, 0.0014745573979648324, 0.0020166019186477185 ],
		[ 0.5609375739172485, 0.06690006769201329, 0.19885352307125648, 0.07197095332610821, 0.06999358076837524, 0.013543792771726225, 0.017800508453272038 ],
		[ 0.1472870671879316, 0.7649273448302637, 0.009850472054007796, 0.016740569835365003, 0.0030207482734347212, 0.05394374191971172, 0.004230055899285448 ],
		[ 0.8081982128133033, 0.08893796592774249, 0.10192424197861405, 0.00018050851163621488, 0.0004953357493902864, 3.596455174718792e-05, 0.00022777046756648837 ],
		[ 0.8640860906758356, 0.07447763355795357, 0.004874753038680595, 0.021178728810950505, 0.012308026489806442, 0.014162790200850895, 0.008911977225922347 ]
	],
"modelUserData_1": [
		[ 0.4572941300235116, 0.541726806383194, 1.4332399756121281e-05, 0.0008938609159979288, 4.153174086674533e-05, 2.933853667356496e-05 ],
		[ 0.5559996728381055, 0.33323979522472363, 0.009980627773441234, 0.08289598360462426, 0.008704963707512165, 0.009178956851593234 ],
		[ 0.5022249664356818, 0.2301972003773162, 0.014944196829417108, 0.1201082319943655, 0.03995406519655546, 0.09257133916666395 ],
		[ 0.01280576121349708, 0.12505079290935897, 0.8294002570534028, 0.014533940107321775, 0.004813645165897141, 0.013395603550522248 ],
		[ 0.7257139491159321, 0.16086630013006364, 0.09269088571235401, 0.004984749091863836, 0.0015741311224386277, 0.01416998482734776 ],
		[ 0.4124220716624105, 0.1999738766737988, 0.3006640626493538, 0.0637753536702659, 0.006052741044570533, 0.01711189429960045 ]
	],
"modelUserData_2": [
		[ 0.32811813867207873, 0.13392688055543928, 0.21352819245717714, 0.29392682104712237, 0.011635423936517486, 0.011401207076735292, 0.007463336254929658 ],
		[ 0.30158037966729145, 0.29848471125695525, 0.2508042572035053, 0.08456935453263949, 0.04610036621171155, 0.011567104294328738, 0.006893826833568225 ],
		[ 0.23312098801212489, 0.03856871768464623, 0.3710517203051949, 0.027770822607025007, 0.3023089245427819, 0.02406460984736841, 0.00311421700085868 ],
		[ 0.2765075202444035, 0.10808132752754974, 0.05501284973840777, 0.4085393629517188, 0.01728421277820352, 0.11329693081074318, 0.02127779594897347 ],
		[ 0.8286463030174973, 0.1183091569640068, 0.024776333569633116, 0.01169775680558709, 0.006944456381469237, 0.0017383930751287647, 0.007887600186677678 ],
		[ 0.6127509478824414, 0.1160343220014695, 0.23052747514838745, 0.01997619589755653, 0.014373143696658264, 0.0025750903202063436, 0.003762825053280453 ],
		[ 0.3058748987130703, 0.31557600490370297, 0.311806941632212, 0.011771445175245764, 0.037755034801407544, 0.005701446747215027, 0.01151422802714641 ]
	],
"activityUserData_0": [
		[ 0.041442230397609144, 0.17477081503443626, 0.3507650505674197, 0.2619543957994813, 0.14575014927276814, 0.025317358928285474, 0.0 ],
		[ 0.9059636208013152, 0.035048612116289624, 0.029046444359480103, 0.023137231337748525, 0.010027646025664987, 0.0017670071564913471, 0.0 ],
		[ 0.5983235647124068, 0.37561220806547113, 0.018896444798706717, 0.004941975950433082, 0.002488112617720103, 0.0010965748005545468, 0.0 ],
		[ 0.5607885757773673, 0.0751626479485272, 0.21012829133751001, 0.07541071629836621, 0.050558999114829695, 0.024127331055626616, 0.003823438467772944 ],
		[ 0.1379973821104782, 0.7696132592476609, 0.007503085680217514, 0.032518846204201125, 0.007164869222620766, 0.04520255753482152, 0.0 ],
		[ 0.7868408638402492, 0.07758320471627894, 0.08216298635965502, 0.009475719183713245, 0.003936207723073682, 0.008691331114666818, 0.03130968706236309 ],
		[ 0.8824632511051579, 0.08049448746541485, 0.0010115594918507103, 0.0027110540094238676, 0.0009738685586290646, 0.0323457793695236, 0.0 ]
	],
"activityUserData_1": [
		[ 0.4406234195613948, 0.5543899119928929, 0.0053903819252194805, 0.004697799692450056, 0.003609172837584034, 0.0 ],
		[ 0.5479580578260838, 0.3283356890214188, 0.0062635643347516805, 0.07212936421974991, 0.011205807007089492, 0.034107517590906355 ],
		[ 0.5256767846442718, 0.2409983397151929, 0.02203796023811045, 0.13102568342482293, 0.03900205909593474, 0.04125917288166717 ],
		[ 0.02462577410130161, 0.11895085809689798, 0.812614263085841, 0.016782116755399503, 0.0013508949723038083, 0.025676092988256134 ],
		[ 0.7256035784063439, 0.15468875437565918, 0.0920882747871195, 0.02130350263658198, 0.006315889794295367, 0.0 ],
		[ 0.3939125835743743, 0.20852411800709725, 0.2814185727327831, 0.07093173890204311, 0.0018617792890921738, 0.043351207494610064 ]
	],
"activityUserData_2": [
		[ 0.3148353396116071, 0.13397743865798847, 0.21189207111010722, 0.3048494335660956, 0.008079931223196639, 0.022423096658530314, 0.003942689172474676 ],
		[ 0.28781295285362973, 0.303503281720049, 0.24476512901346487, 0.09030283959031224, 0.05048471578280407, 0.01610651383649026, 0.007024567203249853 ],
		[ 0.2334399014748828, 0.030160432279293485, 0.37485269346946914, 0.023549009816534856, 0.2948863693914864, 0.02707576049671178, 0.016035833071621604 ],
		[ 0.2757329715648229, 0.10562240094464033, 0.04909878522650393, 0.39556367828314276, 0.020792390377096286, 0.10061020145558185, 0.05257957214821192 ],
		[ 0.8207806625909576, 0.11697067140267378, 0.02179808220915099, 0.0010550006921713727, 0.0068797794985158665, 0.008460333835528716, 0.02405546977100166 ],
		[ 0.6265549408733249, 0.12134092319947429, 0.2477487708101894, 0.002808704887625124, 0.0006462912419693955, 0.0009003689874168901, 0.0 ],
		[ 0.3161408129425855, 0.3257728445059643, 0.3029151057943362, 0.010341796796982038, 0.04397403726261435, 0.000855402697517636, 0.0 ]
	]
}