{
"user": "user_0",
"user_info": {
	"active":true,
	"json_timestamp":"2019-10-13 18:39:06.724821",
	"json_timestamp_epoch":"1570984746724.8457",
	"json_timestamp_epoch_info":"json_timestamp_epoch is the time in milliseconds since the epoch as a floating point number. Epoch is designed to be January 1, 1970, 00:00:00 (UTC)"
},
"modelUserData_0": [
		[ 0.18413547016903486, 0.6376741742641368, 0.10364408666133608, 0.026897494568061047, 0.026069160200623855, 0.0014099300429777657, 0.00117618712492146, 0.01899349696890817 ],
		[ 0.45703521006137865, 0.04001972278996716, 0.3465504064149784, 0.052556408185613045, 0.08429378472001768, 0.0009028714614860441, 0.004988703480951392, 0.013652892885607693 ],
		[ 0.1766745861762575, 0.2718282218167633, 0.10552960706332544, 0.24645404652789174, 0.10166331419245056, 0.009228595895918767, 0.08148114886724205, 0.007140479460150579 ],
		[ 0.11331846755471112, 0.03636797726229349, 0.34579167518126863, 0.3567820959786991, 0.03494715473571873, 0.093053172223969, 0.010290276347388765, 0.009449180715951237 ],
		[ 0.041334854703079536, 0.00897111989514234, 0.08891181586000141, 0.2204867589230455, 0.49151502506060135, 0.08628827887412185, 0.04652578527083395, 0.015966361413174122 ],
		[ 0.024239012494199668, 0.002648116550971713, 0.0074794171156601676, 0.07108686498760028, 0.006938282876510672, 0.26320756430741704, 0.30863525439146466, 0.31576548727617576 ],
		[ 0.0021309128557770386, 0.0005019810256910844, 0.001262540381289214, 0.012804003477926063, 0.09717546980468426, 0.12048976054139121, 0.14660323063320854, 0.6190321012800324 ],
		[ 0.001131485985561623, 0.0019886863950341364, 0.0008304513221407241, 0.01293232735116332, 0.15739780840939283, 0.4254198266527183, 0.40029941388398904, 0.0 ]
	],
"modelUserData_1": [
		[ 0.09408545340472396, 0.7838689637692925, 0.07517898991543849, 0.024031637202277103, 0.018394851015371944, 0.002782863192496438, 0.0001752524300409722, 4.295213743304036e-05, 0.0014390369329255576 ],
		[ 0.6710668701250789, 0.1883161882236837, 0.07172872890766409, 0.013687307928237453, 0.0036046300954788116, 0.0019733314713720777, 0.029717482902548185, 0.01707484583880021, 0.0028306145071365398 ],
		[ 0.10097674384393468, 0.020311295218861145, 0.4031082332573891, 0.3620673830531953, 0.07563868592256692, 0.02341841140235213, 0.0042294887955797575, 0.0013394588851491297, 0.008910299620971937 ],
		[ 0.009312033401846592, 0.0012977468769799932, 0.2503926001587626, 0.583398314307865, 0.10468421767328837, 0.006915605215088918, 0.03794884431187145, 0.0010672728249555266, 0.004983365229341537 ],
		[ 0.08078700849187025, 0.005841545637455182, 0.04703203665054113, 0.010043856352233116, 0.6996622792450836, 0.10476219627014087, 0.04666024976590535, 0.005171982677477342, 3.884490929309016e-05 ],
		[ 0.028575411402075958, 6.667897662188993e-05, 0.024088100189174077, 0.0030117855067691925, 0.02918276488451514, 0.289931946823801, 0.08957538726005163, 0.4518030471152461, 0.08376487784174491 ],
		[ 0.008492043351016255, 6.354796710458528e-05, 0.06755675028848687, 0.0006401709911044171, 0.006000202597423878, 0.40940585212516806, 0.16361944071295464, 0.17438729069345912, 0.16983470127328207 ],
		[ 0.002038356444322604, 0.0001628410118265714, 0.010178377443389872, 0.0010511970231908382, 0.054407925665435904, 0.02596996017770385, 0.39295803293216114, 0.05985262711597642, 0.45338068218599276 ],
		[ 0.00466607953513077, 7.119231817443583e-05, 0.050736183189153794, 0.002068347635127547, 0.008424442900835293, 0.13483983332187657, 0.23511582088888694, 0.2892605227115031, 0.27481757749931174 ]
	],
"modelUserData_2": [
		[ 0.7406309358097812, 0.18023480375356318, 0.04561169663507034, 0.021223041240831648, 0.009029649308950505, 0.0032698732518030953 ],
		[ 0.07929311613665983, 0.5025244241665543, 0.21138998826421826, 0.17760667723983822, 0.006147889247325077, 0.023037904945404353 ],
		[ 0.06323486093817078, 0.26864460798132866, 0.4457129960321371, 0.09589399566991, 0.011711665216944568, 0.11480187416150885 ],
		[ 0.07846183907636753, 0.039428135018019, 0.26018166279112015, 0.5261545464614111, 0.08332856261610157, 0.012445254036980699 ],
		[ 0.007577089620771981, 0.007245504823784996, 0.006299878299386772, 0.12614129694215104, 0.33462229407704275, 0.5181139362368625 ],
		[ 0.03080215841824863, 0.0019225242567498897, 0.030803777978067326, 0.05298044244585798, 0.5551599395336355, 0.32833115736744045 ]
	],
"modelUserData_3": [
		[ 0.3524999983698375, 0.04458947367350027, 0.20332155490871354, 0.3995889730479487 ],
		[ 0.2857122957464561, 0.528975093289764, 0.04284369346012979, 0.14246891750365004 ],
		[ 0.1712277016514793, 0.3778184474501761, 0.3513783408286271, 0.09957551006971749 ],
		[ 0.1905600042322271, 0.04861698558655958, 0.40245641080252953, 0.35836659937868376 ]
	],
"modelUserData_4": [
		[ 0.5901453097456485, 0.2856330246915005, 0.08984797912336069, 0.03352637878393274, 0.0008473076555575929 ],
		[ 0.39565574423522776, 0.22257249745399568, 0.15467823485651772, 0.018778719605837452, 0.2083148038484214 ],
		[ 0.009695278134891778, 0.23709077157091676, 0.2397624056777497, 0.28024898999582815, 0.23320255462061368 ],
		[ 0.00043105946544773306, 0.21827412885867215, 0.18866344767094487, 0.4258650334103232, 0.166766330594612 ],
		[ 0.004072608418784237, 0.03642957742491504, 0.32704793267142696, 0.24158087820407848, 0.3908690032807953 ]
	],
"modelUserData_5": [
		[ 0.5694942624983635, 0.17675123464070658, 0.1663965274978989, 0.06977649668400829, 0.010873951008620656, 0.0009178406405154149, 0.003942338982618715, 0.001289670942809815, 0.0005576771044580825 ],
		[ 0.2609360545644567, 0.21125844370960503, 0.307699451406487, 0.004235890091599001, 0.04071427223496963, 0.1321031013268466, 0.0004602630572207197, 0.03777825354753059, 0.004814270061284764 ],
		[ 0.11075462261656223, 0.3011096446795613, 0.3536946058819954, 0.09497162891245552, 0.13568785130394595, 0.0008701134486975733, 0.002779281784737998, 0.00010860301952151143, 2.364835252255546e-05 ],
		[ 0.030687120062810134, 0.21653401623207474, 0.17214181889606514, 0.5670590612584405, 0.0023282930115055907, 0.00012442294685434814, 0.00687725140046892, 0.0028694479523616065, 0.0013785682394189982 ],
		[ 0.007719353332236361, 0.015443585335250908, 3.18104330111238e-05, 0.03902106850619, 0.2387636532173023, 0.40789563583602795, 0.15387108938106273, 0.10211988191087876, 0.03513392204803977 ],
		[ 0.012411382025965133, 0.07343810957344844, 9.873738273192697e-06, 0.1327426394273228, 0.5332024612010438, 0.2139326706575022, 1.2253075660236014e-05, 0.014322715384604064, 0.01992789491618016 ],
		[ 0.0054123948848587376, 0.0006432564161181368, 2.3432950302640207e-05, 0.05926409552490045, 0.003223433902979565, 0.043267490550213034, 0.38446982622223513, 0.1307260567929129, 0.3729700127554795 ],
		[ 0.002169442907595939, 0.0018685301479253705, 1.5417165832023681e-06, 0.00042904998386901656, 0.007724849013050189, 0.15841951392446973, 0.06621519665468961, 0.19797786912920076, 0.5651940065226163 ],
		[ 0.0004153671071512434, 0.0029531792653095675, 9.374793833552911e-07, 0.03250006961121444, 0.027481235106582434, 0.04246921066887313, 0.38137249944130597, 0.5128075013201798, 0.0 ]
	],
"modelUserData_6": [
		[ 0.020585092078009515, 0.5769929260316952, 0.06816770966209106, 0.2507901150086757, 0.07166651049076325, 0.004325879325390493, 0.0026891521348303914, 0.0011442535033341398, 0.00363836176521027 ],
		[ 0.6353677944042326, 0.26628470432480955, 0.008310421617058621, 0.08097115907620904, 0.005261810804484405, 0.0035434937690162214, 0.00015151134191014156, 1.9511675213266775e-05, 8.959298706611623e-05 ],
		[ 0.08592377549217868, 0.09261885318920704, 0.15629656125059008, 0.42656814848160557, 0.22726407536140733, 0.003574092087819262, 0.001573538310915093, 0.006012042267885632, 0.00016891355839130252 ],
		[ 0.18188904737761677, 0.027673954560459842, 0.08419858048587452, 0.21301472071396388, 0.1753038019509252, 0.28132913379461105, 0.021005350461019617, 0.0020764817354169095, 0.013508928920112215 ],
		[ 0.0760332430402816, 0.016100025415959483, 0.28147362315512275, 0.0016073012641890036, 0.08795292598148371, 0.36963555850684343, 0.012520050975979231, 0.026850377968724873, 0.12782689369141603 ],
		[ 7.23578491658174e-05, 0.005039273119154888, 0.20084552791128443, 0.004539716501475298, 0.3407194415786108, 0.0821058881767079, 0.23086442417651912, 0.12527106409102948, 0.01054230659605232 ],
		[ 5.1000261415837075e-06, 0.0033558713040270517, 0.07871122584600984, 0.002302667815093576, 0.03971716556482104, 0.1401433222272129, 0.4909092022576795, 0.2338388312852025, 0.011016613673811904 ],
		[ 8.732200716046707e-05, 0.0055739231275198035, 0.0006031786375086637, 0.018175962746314556, 0.018806969496777345, 0.10180416743796766, 0.19120661554634472, 0.5465054649000194, 0.1172363961003875 ],
		[ 3.6267725212950006e-05, 0.006360468927167174, 0.12139317143446002, 0.002030208392473358, 0.0333072987707269, 0.013538464674431067, 0.04908015479480232, 0.0582819725731738, 0.7159719927075523 ]
	],
"modelUserData_7": [
		[ 0.6401911847314605, 0.3116254479892893, 0.04238915421137929, 0.005794213067870868 ],
		[ 0.2638330399228714, 0.3812313328240648, 0.07588066670164112, 0.27905496055142265 ],
		[ 0.08744393613178167, 0.11937978746193803, 0.6451398340254235, 0.14803644238085678 ],
		[ 0.008531839213886422, 0.1877634317247079, 0.23659034506155607, 0.5671143839998497 ]
	],
"modelUserData_8": [
		[ 0.9854648558050916, 0.004582614443801267, 0.006393946450908346, 0.002374421364007954, 0.0011841619361908553 ],
		[ 0.004315540677621289, 0.4326602799638469, 0.11182858623972175, 0.4291634509683765, 0.02203214215043353 ],
		[ 0.008438849389236745, 0.5402546927164773, 0.08361916236766213, 0.3090773517898598, 0.05860994373676398 ],
		[ 0.00041252905096565533, 0.008933415326797702, 0.3804742688550308, 0.06989724724648759, 0.5402825395207183 ],
		[ 0.0013682250770847334, 0.01356899754907681, 0.41768403608667704, 0.1894875286312681, 0.3778912126558933 ]
	],
"activityUserData_0": [
		[ 0.1772295008351728, 0.6283780743614507, 0.10111745217976048, 0.021468559961923084, 0.033717846362740604, 0.0072625441041134255, 0.0061661983323237, 0.02465982386251531 ],
		[ 0.4399361088023408, 0.03367715167379277, 0.3545249372625838, 0.042760004746748084, 0.10170237369822367, 0.011787240003604375, 0.015612183812706584, 0.0 ],
		[ 0.17009179789763348, 0.25954572568210027, 0.12198233462100724, 0.23905762571332478, 0.09922501041910572, 0.016579385357355623, 0.07198342791561975, 0.021534692393853076 ],
		[ 0.11924620143258571, 0.029137321472995418, 0.32990546527024583, 0.34388298501882897, 0.028595333063010642, 0.06313608498733048, 0.0032266349777454757, 0.08286997377725751 ],
		[ 0.03448680684303447, 0.0016555261277395369, 0.08632492315767179, 0.20691936867282598, 0.49308715263601044, 0.09053452829588518, 0.0497225195756748, 0.03726917469115775 ],
		[ 0.03596376615843473, 0.019242111518668687, 0.00664440097065608, 0.06470484768921837, 0.005709561934702422, 0.27821821536715124, 0.31391520269269557, 0.2756018936684729 ],
		[ 0.0063393934424699995, 0.01794106029047805, 0.0034926874204160513, 0.03793655105484228, 0.10085410806096087, 0.12264878650366405, 0.15272297162042522, 0.5580644416067434 ],
		[ 0.01670642458832805, 0.010423028872774617, 0.0, 0.04327005714228844, 0.13710861382524564, 0.4058410144985543, 0.386650861072809, 0.0 ]
	],
"activityUserData_1": [
		[ 0.09065201613080268, 0.7823981598052149, 0.05548429917881228, 0.017022991018487872, 0.02471342830436814, 0.002404366010328278, 0.002948372929097601, 0.011543341391056498, 0.01283302523183175 ],
		[ 0.6731596886994101, 0.1806631984480295, 0.07823407297100261, 0.017906491387165577, 0.01346893045807816, 0.0009485781799974113, 0.019634087128643278, 0.0031519274958415654, 0.01283302523183175 ],
		[ 0.07946342778011291, 0.023271502827306924, 0.4130513831472403, 0.36921051180178566, 0.06533887056661225, 0.015535653328195129, 0.01074838327775508, 0.00834931404825897, 0.015030953222732686 ],
		[ 0.012501673422267927, 0.002250180709719095, 0.25003233694812776, 0.581245738235739, 0.0950425340044032, 0.0006722200846439163, 0.04047228792215551, 0.004544300896658507, 0.013238727776285045 ],
		[ 0.0935163753757658, 0.0043598700402975, 0.04089490403878744, 0.0030058363162328867, 0.7032719526650896, 0.0938583734923606, 0.05158468540149333, 0.0026767632283476034, 0.011963018204071071 ],
		[ 0.022044954882804085, 0.00032723871724134844, 0.03023368567707945, 0.003647883442515632, 0.02227377877912762, 0.29126090465007853, 0.09252844840322604, 0.4533563188548349, 0.08432678659309238 ],
		[ 0.013927434759897248, 0.005546070157134102, 0.060708393435136794, 0.003047968198676805, 0.016203354972180114, 0.41948413751177344, 0.15620958179267716, 0.1747598750738904, 0.150113184098634 ],
		[ 0.014734428948939171, 0.0011837792950566452, 0.02027148543431745, 0.004912579599396471, 0.0596871502501409, 0.02903703789976691, 0.3920619351820432, 0.05661077388333725, 0.41636905074455616 ],
		[ 0.0, 0.0, 0.05108943916949588, 0.0, 0.0, 0.14679872884285572, 0.23381221796290885, 0.2850073851277741, 0.28329222889696504 ]
	],
"activityUserData_2": [
		[ 0.7500912418251061, 0.1771976377807918, 0.050765387527281686, 0.018552563718941817, 0.0033931691478785893, 0.0 ],
		[ 0.08424721537981722, 0.517249470972209, 0.21189928907200706, 0.16987989776367002, 0.016724126812296722, 0.0 ],
		[ 0.06762013344366756, 0.25567759935747, 0.44915784657474034, 0.09114465074717482, 0.022197650337038757, 0.1142021195399086 ],
		[ 0.06628726934409002, 0.02881975593522192, 0.26132695727157873, 0.5330870553737026, 0.08646255467730442, 0.024016407398102332 ],
		[ 0.008595428227778973, 0.012059558752115406, 0.006228260332180877, 0.14884938231919245, 0.3455626431423758, 0.47870472722635654 ],
		[ 0.023158711779540153, 0.00899597720219198, 0.020622259222211264, 0.038486450077318324, 0.5256598558831056, 0.38307674583563267 ]
	],
"activityUserData_3": [
		[ 0.36336169144168573, 0.04887860002273782, 0.1904536754293352, 0.39730603310624124 ],
		[ 0.2694964263479293, 0.5287637890899597, 0.027476984663669095, 0.17426279989844184 ],
		[ 0.17069237813740767, 0.38796228577970576, 0.3608183525594595, 0.08052698352342708 ],
		[ 0.1964495040729773, 0.03439532510759674, 0.4212509873475362, 0.34790418347188984 ]
	],
"activityUserData_4": [
		[ 0.5917698209593271, 0.28079234893207333, 0.09210396504508842, 0.033260853733821136, 0.002073011329690048 ],
		[ 0.4037177147237727, 0.2245052207287562, 0.15868484531223118, 0.013916985019891937, 0.1991752342153479 ],
		[ 0.004412736365199, 0.22542800760439705, 0.23597842400197225, 0.2899915479344564, 0.24418928409397525 ],
		[ 9.972795170122301e-05, 0.2080350404923237, 0.17934498351224362, 0.4212368582104536, 0.1912833898332779 ],
		[ 0.0, 0.061239382242449666, 0.33388778212846465, 0.241593755101377, 0.363279080527709 ]
	],
"activityUserData_5": [
		[ 0.5599493287466161, 0.1709323948565436, 0.1608454183154103, 0.06260762698290588, 0.0032342747144990156, 0.014601236887923696, 0.01057517459803839, 0.017254544898063086, 0.0 ],
		[ 0.2581598549043689, 0.1966363032998379, 0.29335825156950235, 0.003598357447836664, 0.04153157448089643, 0.13661593983798778, 0.008296464252855315, 0.06180325420671467, 0.0 ],
		[ 0.1118068136256941, 0.2899341583865216, 0.3363670566205638, 0.09232552909010182, 0.13562077475628032, 0.010995291019438438, 0.011911234530248622, 0.012351348660769257, 0.0 ],
		[ 0.033952872072999525, 0.20651218963171142, 0.15466844962626417, 0.570762059912632, 0.0022673120186297163, 0.0036629355853564916, 0.008283280382175254, 0.019890900770231396, 0.0 ],
		[ 0.00375039934494901, 0.02151935734452401, 0.017474543699453303, 0.04959051430999664, 0.23359800541622108, 0.4013167235540919, 0.15135579324789641, 0.12139466308286755, 0.0 ],
		[ 0.019430082662505864, 0.06972698096590581, 0.017351067129552228, 0.12661917078748772, 0.5264139797373366, 0.2063954549512478, 0.010146116599760288, 0.023917147166203752, 0.0 ],
		[ 0.003050583747807962, 0.016307828668576746, 0.004253426980619637, 0.07020511832670448, 0.01302821199283118, 0.03910166189723053, 0.37855959211961304, 0.1458923751358239, 0.3296012011307925 ],
		[ 0.0099000648950586, 0.02843078684637891, 0.01568178605863417, 0.014143242518917638, 0.03099032112351529, 0.1752098370954325, 0.08661559917584721, 0.23034873213464874, 0.40736742346194876 ],
		[ 0.0, 0.0, 0.0, 0.010148380623417169, 0.013315545759790362, 0.01210091917129083, 0.33425674509356534, 0.3671470339446776, 0.2630313754072586 ]
	],
"activityUserData_6": [
		[ 0.005248274634479955, 0.5711787580187404, 0.06258416612793008, 0.2612707704679335, 0.07529992723489737, 0.011109329662937753, 0.006963077654245429, 0.0011249680700504664, 0.0052207281287851275 ],
		[ 0.6402638789007296, 0.2602193088947885, 0.01038542302979246, 0.07685183764939575, 0.00577576504370091, 0.0002465773682420431, 0.0002711428426661009, 0.0007653381418994791, 0.0052207281287851275 ],
		[ 0.08501954723392456, 0.1033389428478494, 0.1454827988636994, 0.41281914640302136, 0.23447960347269348, 0.018067565095939455, 0.0027781436942655104, 0.0019677320345932456, 0.0052207281287851275 ],
		[ 0.16308727432490253, 0.027742396150650855, 0.07990852742344773, 0.20787739136583375, 0.17700845304122773, 0.2857455834351785, 0.03392618858571274, 0.009884324606739991, 0.014819861066306296 ],
		[ 0.08228149838116514, 0.028458200363547796, 0.27830863590196114, 0.0012554622590874975, 0.09322591259773777, 0.36681845979738326, 0.028619545104852505, 0.03389857087634224, 0.08713371471792264 ],
		[ 0.0012369014325128193, 0.0011704328445911057, 0.20407487744270753, 0.0018910921760471279, 0.3361652054593423, 0.0806472563413287, 0.2315482761988085, 0.1115939995670388, 0.03167195853762311 ],
		[ 0.01805144834200717, 0.0013471484787540896, 0.05941005699359579, 0.009063077781001868, 0.03820594477289085, 0.1348426450535602, 0.4947210465361048, 0.2226038706872952, 0.021754761354790025 ],
		[ 0.004811176750278208, 0.006544812401077935, 0.005713073043572903, 0.026113518406772118, 0.02163913431993743, 0.10252258324543002, 0.16713684647722055, 0.5336129710643814, 0.13190588429132924 ],
		[ 0.0, 0.0, 0.15413244117329294, 0.0028577034909069623, 0.018200054057572225, 0.0, 0.034035732906123925, 0.08454822495165919, 0.6970516356456733 ]
	],
"activityUserData_7": [
		[ 0.6426239371242942, 0.32010334569253035, 0.030006226611193433, 0.007266490571982043 ],
		[ 0.2613822364603757, 0.37532280923195277, 0.07329903833628851, 0.2899959159713829 ],
		[ 0.0959938264153301, 0.1037603757172578, 0.6345066804766992, 0.16573911739071284 ],
		[ 0.0, 0.20081346935825903, 0.26218805457581884, 0.5369984760659222 ]
	],
"activityUserData_8": [
		[ 0.9703038104597661, 0.0004695271329278952, 0.02125174719129613, 0.0022621466074416235, 0.005712768608568291 ],
		[ 0.003756596868622447, 0.4426049908911629, 0.11367004441797308, 0.4342555992136733, 0.005712768608568291 ],
		[ 0.015146437684189794, 0.5497184231544875, 0.08690234603511314, 0.30548287541641156, 0.04274991770979803 ],
		[ 0.0107931549874217, 0.0072070588214217515, 0.36788437798650864, 0.09799191127680562, 0.5161234969278424 ],
		[ 0.0, 0.0, 0.41029148436910895, 0.16000746748566796, 0.4297010481452231 ]
	]
}