{
"user": "user_3",
"user_info": {
	"active":true,
	"json_timestamp":"2019-10-24 19:00:33.867309",
	"json_timestamp_epoch":"1571936433867.3328",
	"json_timestamp_epoch_info":"json_timestamp_epoch is the time in milliseconds since the epoch as a floating point number. Epoch is designed to be January 1, 1970, 00:00:00 (UTC)"
},
"modelUserData_0": [
		[ 0.6790371352854567, 0.053010569798699135, 0.12631591774910828, 0.055968890907414075, 0.08102767740002496, 0.0011292802882625153, 0.003510528571034322 ],
		[ 0.7868884596958171, 0.07094366508701953, 0.11340041204938468, 0.007889799788662753, 0.014291757133728227, 0.0016791207141270109, 0.004906785531260669 ],
		[ 0.2452786823606442, 0.45826855251227117, 0.0666246518534764, 0.0026932136793346496, 0.12240890737184319, 0.0731472900457593, 0.03157870217667111 ],
		[ 0.17928836665488235, 0.30631273132824044, 0.11809202986607438, 0.14239138844645877, 0.07346921913913657, 0.0030724250347974485, 0.17737383953041005 ],
		[ 0.7084196722018925, 0.2296604273235243, 0.048090508553565926, 0.012266581119485441, 0.001209637170686844, 0.00012321574100627964, 0.00022995788983871512 ],
		[ 0.7785380893379915, 0.09081334596263546, 0.028437123972563393, 0.03301599691056948, 0.014455019780226014, 0.04444399351821904, 0.0102964305177951 ],
		[ 0.6913586645034866, 0.05319989069418137, 0.007983736669999074, 0.18299777974899467, 0.01226799846552673, 0.017241135378412487, 0.03495079453939909 ]
	],
"modelUserData_1": [
		[ 0.8422036718274379, 0.12830419416124741, 0.029224587785032397, 0.00010038808478732092, 0.0001190382492455245, 1.7554472911611345e-05, 1.7590433708906746e-05, 6.212207070504874e-06, 6.762778558381957e-06 ],
		[ 0.18470695775716572, 0.5342387679556188, 0.09285477900114053, 0.004240189092501039, 0.14779991173528187, 0.02120822077149563, 0.004073360855456921, 0.007817797385918488, 0.0030600154454210413 ],
		[ 0.2958964871487132, 0.5053594975659572, 0.13687455624258782, 0.035000320061280066, 8.665522318360093e-05, 0.02263921542824252, 0.0028937385443853084, 0.00035736643838329724, 0.0008921633472669786 ],
		[ 0.1512161119029719, 0.6450114439609173, 0.08019329424501669, 0.02597394342513354, 0.09094159644674947, 1.1479286609152052e-06, 0.0022311600922118816, 0.0029610264800191714, 0.0014702755183191784 ],
		[ 0.7741774705050242, 0.1869272463390838, 0.013870175731382158, 0.019839320665207133, 0.0005852636172461081, 0.0003252116932576673, 0.0024709426411701333, 0.0010650695042137158, 0.0007392993034151085 ],
		[ 0.13422522029060058, 0.4760698669273188, 0.06779502663880682, 0.07204861697050424, 0.1518848561793853, 0.02905835575689799, 0.0048874150749957, 0.009120262739050628, 0.05491037942243995 ],
		[ 0.690088069812278, 0.21169064622947162, 0.0879893844190724, 0.0057723357389121675, 0.002674426681264735, 0.0016290778792271774, 2.73095436592803e-06, 0.00012878495080191873, 2.4543334606056077e-05 ],
		[ 0.8215538504582665, 0.02407842372004733, 0.15015181953183382, 0.003405746101948255, 0.00046596080006096476, 0.00027267138437748117, 5.310139696435008e-05, 5.8978708306144734e-06, 1.252873567074603e-05 ],
		[ 0.345392955573267, 0.23389116635274462, 0.0789299768179667, 0.22149089201833758, 0.006204534898787094, 0.03436845498996703, 0.06561727447515457, 0.001771272986178371, 0.012333471887597003 ]
	],
"modelUserData_2": [
		[ 0.3698666044398802, 0.6168439543479067, 0.013094578520242128, 0.00016354151873629167, 2.0235221988540436e-05, 2.096029816108213e-06, 5.880487837793937e-06, 1.7612280742707045e-07, 2.9333107848040817e-06 ],
		[ 0.23320895488199445, 0.43526512072646695, 0.04173886865970617, 0.14447529111321056, 0.03175126751037656, 0.004080257781244439, 0.012337179604292748, 0.09671865797950016, 0.00042440174320798607 ],
		[ 0.7580569617191645, 0.11291154124870406, 0.03430623404029985, 0.03328077434969637, 0.054631384675406354, 0.0025978453122275074, 0.001733964973025266, 0.0024368550581074463, 4.443862336866566e-05 ],
		[ 0.45863894545643413, 0.012706841168828632, 0.2705694638327236, 0.20805406054762582, 0.001426225369831655, 0.04084105805641703, 0.005607827769527915, 0.001146928015053757, 0.0010086497835574831 ],
		[ 0.8119947836345759, 0.10953064727586288, 0.016061073704299253, 0.039152455002934176, 0.021429816457925237, 0.00016633030523524118, 0.0011738181713220389, 8.622792951719387e-05, 0.0004048475183280873 ],
		[ 0.26095597994458497, 0.24840056719891118, 0.4132242159777291, 0.06261563420107377, 0.0008404523143606715, 0.012727153756272723, 0.0011915175029909401, 2.1990261349160457e-05, 2.248884272745497e-05 ],
		[ 0.5354217388457202, 0.1236230948315544, 0.33506891921899484, 0.0013214139363806178, 0.004547518223347385, 8.533574086349058e-07, 1.1711680928464234e-05, 2.8698115277534668e-06, 1.8800941376798335e-06 ],
		[ 0.3592451608971128, 0.5588865339950053, 0.007096938605921645, 0.030551209815009524, 0.016060212796337847, 0.004943400282265375, 0.005488291719243663, 0.012915230508335792, 0.004813021380768051 ],
		[ 0.5726033093765921, 0.4173976331163374, 0.0053533666104217895, 0.004439900206833773, 2.95390098892461e-05, 6.998915387993891e-05, 4.0288605589990045e-05, 1.530384811273442e-05, 5.0670072343057774e-05 ]
	],
"modelUserData_3": [
		[ 0.55038159503917, 0.1575617189644356, 0.2721908373109374, 0.008524702769513049, 0.006141476766023475, 0.00519966914992052 ],
		[ 0.6949661583588604, 0.26822444459911127, 0.007342908198467598, 0.009409874757397085, 0.010628651255076242, 0.009427962831087365 ],
		[ 0.050827556708987975, 0.03995098850349264, 0.23593932425473063, 0.02348561409186908, 0.6466401681563557, 0.0031563482845639035 ],
		[ 0.42842787311549857, 0.19471744798215992, 0.36165371864048446, 0.007834642993323579, 0.0034385112645496964, 0.003927806003983746 ],
		[ 0.17501914273052033, 0.07734173998044488, 0.05655317737687083, 0.08089389849128888, 0.5825208836750352, 0.027671157745839836 ],
		[ 0.419538677954581, 0.3490768900041701, 0.04230915818841632, 0.0038087324149587995, 0.10722102857253815, 0.07804551286533565 ]
	],
"modelUserData_4": [
		[ 0.016112673794316246, 0.5333325753634476, 0.3178756243345455, 0.07581144417207347, 0.03749589508030165, 0.017273884958715287, 0.0008460786746795956, 0.0012518236219206439 ],
		[ 0.16240012220366962, 0.7043694562282662, 0.13322857000910965, 6.344203879011202e-07, 1.1433564750731804e-06, 3.1030983205843644e-08, 3.8774879340964907e-08, 3.976229025363666e-09 ],
		[ 0.7729077235957519, 0.13821731246236518, 0.05107429969509112, 0.0066351601080453715, 0.0036386757362405716, 0.007950945192765384, 0.004664258439187453, 0.014911624770553031 ],
		[ 0.37583079994225155, 0.35571850062106825, 0.008317495196158537, 0.15235792164149692, 0.09089980823800213, 0.0023409435117457394, 0.010317008803259914, 0.004217522046016962 ],
		[ 0.6573157552405864, 0.1666666627465737, 0.14335497237071326, 0.029503801816894056, 0.0022735844015499555, 0.0003228290985819507, 0.00016954426765537122, 0.00039285005744530576 ],
		[ 0.3897171627064929, 0.6089082613064274, 0.0007179717332005409, 3.863295987338176e-05, 0.0005032527907973733, 3.7778888308881867e-06, 1.825737771665832e-05, 9.268323666084227e-05 ],
		[ 0.2010475243218134, 0.6807077188310129, 0.10067870399723597, 0.016167262896262694, 0.0006989622084065969, 0.00019994194132272263, 0.00040603672347694223, 9.384908046880178e-05 ],
		[ 0.21767669752834773, 0.7169732671121047, 0.0206483591250767, 0.010867009733501866, 0.025874741500946527, 0.0029749115175853216, 0.004808716530600414, 0.0001762969518366974 ]
	],
"modelUserData_5": [
		[ 0.2181087564992803, 0.3187740250491938, 0.08144912607017894, 0.3137392480219521, 0.006658633748593516, 0.046325146086046445, 0.014945064524754928 ],
		[ 0.5876451681580505, 0.2643467680990396, 0.13741736816777303, 0.008459146131073203, 0.00023191199455470466, 0.0013138550349736633, 0.0005857824145353223 ],
		[ 0.4597715418734972, 0.41139233416715404, 0.10806354429123292, 0.003475512351650169, 0.0038542416572055504, 0.004563580017382123, 0.008879245641877972 ],
		[ 0.004632230374021495, 0.6500993727877433, 0.03323977509058473, 0.3018231858882282, 0.005017741522754065, 0.004505046310987132, 0.0006826480256810433 ],
		[ 0.19449029180671928, 0.58951495817123, 0.01238470992319796, 0.04401408612570299, 0.1523176912472936, 0.005271526094357663, 0.002006736631498498 ],
		[ 0.9158881721570374, 0.008713909786490996, 0.07192797335639897, 0.0011372025430815271, 0.0015038193483117737, 0.00029949465120747323, 0.0005294281574718117 ],
		[ 0.8925851183770237, 0.07086479657785541, 0.006249992222804057, 0.01937526278825927, 0.00787684171287867, 0.001854113624183773, 0.0011938746969951193 ]
	],
"activityUserData_0": [
		[ 0.6686867468680646, 0.06031455394072359, 0.12025715478369053, 0.03964709976436785, 0.07700176977145601, 0.005681176657893064, 0.028411498213804322 ],
		[ 0.775072371114733, 0.06831425709341193, 0.09916207380857749, 0.022615652666294825, 0.0028325415087669566, 0.0034374976003134885, 0.028565606207902276 ],
		[ 0.2569037788478242, 0.4789533384606281, 0.06794311561860622, 0.00590926231380119, 0.10321308809257423, 0.07888571527143638, 0.00819170139512966 ],
		[ 0.1786074807951993, 0.317688983038952, 0.11321838428398831, 0.13959915566615855, 0.08508380645794099, 0.0026665126293406445, 0.1631356771284202 ],
		[ 0.6966037242944727, 0.22760926881413157, 0.052111064639586535, 0.003510432425503746, 0.0010749018427265908, 0.00978122059131262, 0.009309387392266236 ],
		[ 0.7768937024541117, 0.0871613254711664, 0.04501808643837516, 0.027983035751934567, 0.012859739648192686, 0.05008411023621945, 0.0 ],
		[ 0.6900053826615518, 0.04827461289187089, 0.0037529262564306, 0.18434583009057762, 0.01896132398837243, 0.03331445342903036, 0.021345470682166343 ]
	],
"activityUserData_1": [
		[ 0.8387691070824645, 0.11080026000521864, 0.019343742532489692, 0.0022870678684809302, 0.012377399877832422, 0.007008722788658544, 0.0054133040109435445, 0.0003366962652166019, 0.0036636995686950753 ],
		[ 0.18003461068421875, 0.5265163916129517, 0.09205055534731181, 0.007645942879899294, 0.13904870611943185, 0.03536190918411462, 0.015176332549866993, 0.004165551622204972, 0.0 ],
		[ 0.27861072286684546, 0.4762533470513792, 0.14043492091272775, 0.02700445962423871, 0.011523010020190728, 0.03477519592872638, 0.007517705641393156, 0.008552470185231045, 0.01532816776926749 ],
		[ 0.15071273743528657, 0.6560391641767853, 0.07233712496757785, 0.025661623418081054, 0.06892478749888105, 0.011167239296089511, 0.011914015352879413, 0.00324330785441923, 0.0 ],
		[ 0.7571472335992353, 0.1764406918211667, 0.01000874595714469, 0.015806959587748585, 0.013493899292603456, 0.006896937271633118, 0.0031628519944001186, 0.008855754735658819, 0.008186925740409207 ],
		[ 0.12605564052212825, 0.4898259269489336, 0.06338330198828729, 0.07944520113402187, 0.14572211869634746, 0.033185116348859955, 0.01031757888834499, 0.028834687175157234, 0.023230428297919326 ],
		[ 0.7007876593409936, 0.1868262252052257, 0.08798767798954951, 0.0030430567369642623, 0.008024054773700702, 0.0009558100611285572, 0.007549637468611458, 0.00482587842382616, 0.0 ],
		[ 0.8190348930252012, 0.01105384050269021, 0.14760918870356143, 0.002974065636388393, 8.907599089318357e-05, 0.0034600266795695132, 0.007154642360181892, 0.00862426710151422, 0.0 ],
		[ 0.3335150629566953, 0.21228283198333425, 0.07271604612713131, 0.24991460430138215, 0.013124920018400842, 0.030859347891490946, 0.07459234237067451, 0.010894614272377486, 0.0021002300785132114 ]
	],
"activityUserData_2": [
		[ 0.37378550218176004, 0.6078124013111869, 0.013188039754937422, 0.0038294860698508603, 0.002234700403316873, 0.0028382858380482635, 0.0005690370714172229, 0.007255457812391128, 0.0 ],
		[ 0.2300499880524511, 0.44649483620973385, 0.04276795098573538, 0.14727797924200933, 0.036204076208659564, 0.0031688945978546115, 0.006743393490516742, 0.08729288121303945, 0.0 ],
		[ 0.7488500964271676, 0.11171668140688043, 0.03714599531423593, 0.027216358679233228, 0.05439010195881606, 0.013636291879181748, 3.8357577995998217e-05, 0.007006116756488996, 0.0 ],
		[ 0.4497715481801125, 0.02986267907046122, 0.27859991968333225, 0.1951643325707753, 0.0013695743852698674, 0.03629786533651195, 0.010968070779026642, 0.00028733043696035324, 0.0 ],
		[ 0.8070460745222685, 0.1093824337422945, 0.020335109184685913, 0.038520617576170244, 0.019724684201767866, 0.003009151229952077, 0.0027954368334871223, 0.007105408743146876, 0.0 ],
		[ 0.2563565940820963, 0.238280759539332, 0.4114787416746388, 0.05159658306757337, 0.008329950335686795, 0.017360074849525058, 0.00814839278005135, 0.004242523991049297, 0.004206379680046948 ],
		[ 0.5245136041751255, 0.11479669639623465, 0.3536960469746866, 0.00783269381712518, 0.004783460855333321, 0.0031122788160753145, 0.0009522395997308402, 0.006426716604529178, 0.0 ],
		[ 0.363440656064251, 0.5489916052492052, 0.022303141434842085, 0.02499773502654814, 0.016361620810730122, 0.002511397928598361, 0.004884938596397693, 0.01650890488942732, 0.0 ],
		[ 0.5719825153199308, 0.4015232013291277, 0.002552404666183605, 0.003824289152910207, 0.003305824852337996, 0.001796115833118792, 0.006870682619951156, 0.008144966226439683, 0.0 ]
	],
"activityUserData_3": [
		[ 0.5471899307679311, 0.16054127985907354, 0.2602872105668012, 0.020246316720817878, 0.008100996142664723, 0.0036342659427115766 ],
		[ 0.7070833529457202, 0.24874519102521517, 0.002082643910691873, 0.010891509776734509, 0.013587355237216268, 0.017609947104421958 ],
		[ 0.06012763469816459, 0.03386861252317907, 0.2469871450947943, 0.027691323046323848, 0.6313252846375382, 0.0 ],
		[ 0.420225835277366, 0.19652773896614037, 0.35738173169882365, 0.0049393796960846845, 0.0018609394477588934, 0.019064374913826367 ],
		[ 0.14530372914969786, 0.06372069686246283, 0.06319034554710261, 0.07032715087021789, 0.5733000954482722, 0.08415798212224657 ],
		[ 0.4162475222099265, 0.3666543569887551, 0.02965367895153459, 0.009372599478198483, 0.10146183835703289, 0.0766100040145525 ]
	],
"activityUserData_4": [
		[ 0.026327980802326754, 0.5290956321072807, 0.3095268448618671, 0.06510938470524755, 0.03458760593259287, 0.010921247437303112, 0.0077154880653132535, 0.016715816088068602 ],
		[ 0.15765923940029022, 0.6915145610274201, 0.14116926648584355, 0.0020115625460023732, 0.003169456760411328, 0.0060567483461199155, 0.0016601811810864203, 0.0 ],
		[ 0.778704032655467, 0.14104545896034643, 0.05001223824361822, 0.008796583620008942, 0.01133674112765229, 0.002379431381877255, 0.0008588854745894044, 0.006866628536440508 ],
		[ 0.35676702973998836, 0.3539068456325128, 0.013357649495538077, 0.14960047497688753, 0.0831871592044039, 0.006812416584686938, 0.0023794789835201308, 0.03398894538246233 ],
		[ 0.6469828539886905, 0.14938832671898855, 0.15996391081362774, 0.02568061713978033, 0.004962091594625477, 0.008816086359170434, 0.004206113385116995, 0.0 ],
		[ 0.3860878734980145, 0.6060822284489581, 0.0013404789360264568, 0.0005300423840663602, 0.0024035323345987947, 0.009599841734919425, 0.007777533120535832, 0.0 ],
		[ 0.19905000164963763, 0.6621085772959159, 0.10373096467245417, 0.0157044084744115, 0.007645533493973615, 0.002561542885751019, 0.009198971527856164, 0.0 ],
		[ 0.22558326349080843, 0.7145687213717188, 0.007667302550239135, 0.007078491682543282, 0.014110255690973156, 0.020261257372267555, 0.004629048123650769, 0.006101659717798946 ]
	],
"activityUserData_5": [
		[ 0.23002125696849232, 0.32217525388550633, 0.07977132626696905, 0.3146055912987792, 0.0037675411097519147, 0.0496590304705012, 0.0 ],
		[ 0.5721270921738039, 0.2755591027700778, 0.15126429262027669, 0.005040512189683, 0.0006861884960475463, 0.0019312891902653504, 0.0 ],
		[ 0.456596342247072, 0.4059886160630778, 0.11084691520544407, 0.007896984013084342, 0.00959365617154961, 0.009077486299772163, 0.0 ],
		[ 0.019179959782830765, 0.6504235267813872, 0.025635008268959116, 0.3004961842865598, 0.0032557967885435187, 0.001009524091719676, 0.0 ],
		[ 0.20600686371451093, 0.5970935098387463, 0.017731075037928142, 0.014029837661847457, 0.16232616186108628, 0.0028125518858808755, 0.0 ],
		[ 0.9104150660405322, 0.010948504725321263, 0.06912567035734365, 0.0015720621883343823, 0.0038902629224270243, 0.004048433766041493, 0.0 ],
		[ 0.8945962515469806, 0.058736328204910725, 0.0019811104592971267, 0.004717610475581993, 5.3258685641746975e-05, 0.011700080900825693, 0.028215359726762076 ]
	]
}