{
"user": "user_0",
"user_info": {
	"active":true,
	"json_timestamp":"2019-10-13 18:21:58.714692",
	"json_timestamp_epoch":"1570983718714.7136",
	"json_timestamp_epoch_info":"json_timestamp_epoch is the time in milliseconds since the epoch as a floating point number. Epoch is designed to be January 1, 1970, 00:00:00 (UTC)"
},
"modelUserData_0": [
		[ 0.3660416213493075, 0.52799595413889, 0.05518263434222564, 0.05077979016957685 ],
		[ 0.2771229427071011, 0.29595362940292524, 0.12876683883439094, 0.2981565890555827 ],
		[ 0.3153509470339314, 0.039761149523581694, 0.060652519973663006, 0.5842353834688239 ],
		[ 0.04148448890966, 0.13628926693460305, 0.7553980068497205, 0.0668282373060165 ]
	],
"modelUserData_1": [
		[ 0.21853353279998533, 0.6360761063238063, 0.14483107069932677, 0.0005592901768816105 ],
		[ 0.45165651811439117, 0.1480361841247102, 0.12814463700627113, 0.2721626607546275 ],
		[ 0.15895683163777916, 0.10128071749920871, 0.438961747790713, 0.30080070307229906 ],
		[ 0.17085311744784434, 0.1146069920522748, 0.2880625445036891, 0.42647734599619186 ]
	],
"modelUserData_2": [
		[ 0.366418453230845, 0.5145675067411567, 0.037335953083168325, 0.08167808694482999 ],
		[ 0.15051355396831392, 0.16982351728385903, 0.44145674657340567, 0.2382061821744214 ],
		[ 0.010103669996417895, 0.29027943229344966, 0.05412907847283595, 0.6454878192372965 ],
		[ 0.47296432280442324, 0.025329543681534616, 0.46707822187059017, 0.034627911643452136 ]
	],
"activityUserData_0": [
		[ 0.3666450490285952, 0.5030290955075238, 0.030904235640090774, 0.0994216198237902 ],
		[ 0.15572696820280107, 0.17499956143891054, 0.43264249045035835, 0.23663097990792997 ],
		[ 0.026378956574859915, 0.30053107849050686, 0.058385681346902266, 0.614704283587731 ],
		[ 0.45124902619374385, 0.021440264563058753, 0.47806759256264864, 0.049243116680548926 ]
	],
"activityUserData_1": [
		[ 0.37404962425511235, 0.5163251008724054, 0.03490372243269015, 0.07472155243979214 ],
		[ 0.14998800487093367, 0.16765389119042057, 0.4378241729470558, 0.24453393099158993 ],
		[ 0.012863732434261659, 0.2731752743711706, 0.05677309289585277, 0.657187900298715 ],
		[ 0.46309863843969234, 0.04284573356600346, 0.47049901172440134, 0.023556616269902908 ]
	],
"activityUserData_2": [
		[ 0.37642278179289246, 0.523682932410531, 0.04173144720042932, 0.05816283859614724 ],
		[ 0.1592731490123252, 0.17741879016291062, 0.4408583639702148, 0.22244969685454946 ],
		[ 0.0056558121150284465, 0.2863386247606955, 0.051597350767787355, 0.6564082123564887 ],
		[ 0.4586482570797539, 0.012559652665862897, 0.4658128380615685, 0.06297925219281453 ]
	]
}