{
"user": "user_1",
"user_info": {
	"active":false,
	"json_timestamp":"2019-10-23 21:28:41.914776",
	"json_timestamp_epoch":"1571858921914.8074",
	"json_timestamp_epoch_info":"json_timestamp_epoch is the time in milliseconds since the epoch as a floating point number. Epoch is designed to be January 1, 1970, 00:00:00 (UTC)"
},
"modelUserData_0": [
		[ 0.8041016070217647, 0.04277496004017667, 0.12600858204984217, 0.02711485088821647 ],
		[ 0.10651218095160166, 0.7029342231369274, 0.10336032677235442, 0.0871932691391165 ],
		[ 0.017653044446617035, 0.07514251828344294, 0.021512557297272868, 0.8856918799726671 ],
		[ 0.0717331675800166, 0.17914829853945297, 0.7491185338805305, 0.0 ]
	],
"modelUserData_1": [
		[ 0.22738308308054256, 0.015962549964337016, 0.5262501632542621, 0.1313488111326163, 0.06789760176648486, 0.030614217115023067, 9.617285275225008e-05, 0.0002224303101709179, 0.00022497052381095854 ],
		[ 0.7265939028850203, 0.23074151457592093, 0.012389999097397566, 0.022996017419374903, 0.0007740115117780687, 0.0020858383529037006, 0.0015143848180339153, 0.002659263548740065, 0.0002450677908304999 ],
		[ 0.017421327843913904, 0.5442009459690744, 0.1907022524375991, 0.07803970798878829, 0.1332589683090849, 0.01915292613233649, 0.006305136774041214, 0.010422620665942899, 0.0004961138792187476 ],
		[ 0.02793168756739782, 0.0407045155301118, 0.1543530565700788, 0.575713249512159, 0.018140159717677594, 0.07476327481286954, 0.028615668864008858, 0.012005481743950153, 0.06777290568174646 ],
		[ 0.00017833578043418901, 0.15449721247611514, 0.04101976707451268, 0.04391984774662679, 0.5830447539700857, 0.07846040483466099, 0.015131896605986487, 0.038988780538898565, 0.04475900097267943 ],
		[ 2.246805275792911e-05, 0.013294171906600104, 0.013923024662556249, 0.019828981893142306, 0.08700424444360712, 0.5882418762158519, 0.24549040985487736, 0.01251689691955174, 0.01967792605105531 ],
		[ 0.0004415487140915472, 2.582391190714654e-05, 0.05090207794829031, 0.1137072983501263, 0.08967808911882906, 0.048378786512394564, 0.5192682230042136, 0.10060558060992643, 0.07699257183022111 ],
		[ 1.7968145221079365e-05, 0.0003961613461293791, 0.009966488869891795, 0.006472582523454576, 0.00781303223253913, 0.13231717903137646, 0.021608518753826144, 0.31525173127989736, 0.506156337817664 ],
		[ 9.677930620624144e-06, 0.0001771043198040698, 0.0004931700854113857, 0.007973503433711546, 0.012389138929913635, 0.02598549699258329, 0.16196958847226023, 0.507327214382922, 0.2836751054527734 ]
	],
"modelUserData_2": [
		[ 0.9767416408948982, 0.01395276065874729, 0.006779903780503235, 0.0017046258274838815, 0.0007856554219813419, 3.0693550185707654e-05, 4.669448175285437e-06, 5.041802502587011e-08 ],
		[ 0.00551877714290344, 0.37775659155911384, 0.07506878344811908, 0.06661827398169742, 0.13135113728243153, 0.2719615110733417, 0.06953370800155698, 0.0021912175108361395 ],
		[ 0.015118014347409505, 0.05206770011078557, 0.4196825519084815, 0.46865605067540284, 0.030413237834106096, 0.0031729103012848757, 0.008936483247218808, 0.001953051575310812 ],
		[ 8.268777460841585e-05, 0.12008747555329125, 0.14697174635500512, 0.3471341192826946, 0.3506507422205992, 0.009214462708842542, 0.004987599960877495, 0.020871166144081393 ],
		[ 0.0023666023536982046, 0.36381024040243687, 0.1285191169757365, 0.11142640672336267, 0.21214571416112452, 0.012311054056009652, 0.10181571019465552, 0.06760515513297599 ],
		[ 4.20867002598766e-05, 0.03787589155037348, 0.009426387441580485, 0.0005933283091914444, 0.2627054129585108, 0.2835751542066389, 0.1982104294371636, 0.20757130939628132 ],
		[ 1.3081503931229872e-05, 0.00039834826703081833, 0.08055795097849537, 0.0029863785936088613, 0.005569676351756994, 0.15106211476331857, 0.05960439971936879, 0.6998080498224895 ],
		[ 0.00011710928229109373, 0.03405099189822086, 0.13299355911207872, 0.0008808166065583131, 0.00637842376948948, 0.26867209934037806, 0.5569069999909837, 0.0 ]
	],
"modelUserData_3": [
		[ 0.14641363706210953, 0.1705048790840316, 0.4450244767020866, 0.0730637241379564, 0.1507829340463516, 0.004616731543308661, 0.005884281917899851, 0.0019396195289491144, 0.00176971597730655 ],
		[ 0.32784343218471795, 0.11110655500516116, 0.43474058436776186, 0.04099012968477559, 0.005307375045976974, 0.06789477676821651, 0.001126783520296556, 0.009866282858365388, 0.0011240805647280295 ],
		[ 0.027858784305175095, 0.07572231437511281, 0.05093008118898258, 0.13504807458536566, 0.4771872742402764, 0.03039097096228457, 0.0045713089865590615, 0.19174674719757173, 0.006544444158672086 ],
		[ 0.19275241927662165, 0.15410184587862283, 0.03918564059832296, 0.18106001495736931, 0.08090065941358791, 0.1919064855745563, 0.1432715046608626, 0.006562025611357221, 0.010259404028699091 ],
		[ 0.20597654074001204, 0.0093713202518445, 0.0021865458280668918, 0.3607734795834292, 0.11337773260131732, 0.04480135935239086, 0.08973602974069164, 0.15993156454277857, 0.013845427359468948 ],
		[ 0.02450801496138065, 0.03833202237205051, 0.02725002754718467, 0.17490335276846014, 0.1401677127606326, 0.5492115711072934, 0.023802056962219074, 0.013700893000453773, 0.008124348520325333 ],
		[ 0.040948810518731574, 0.3214139332145166, 0.0003063489023843951, 0.02184492358364862, 8.38765289687899e-05, 0.10235973354200753, 0.3534312625023737, 0.10569375925380757, 0.05391735195356119 ],
		[ 0.0061845897259710245, 0.007661468424911889, 5.659433255931972e-05, 0.0073332062506635855, 0.002749291593830697, 0.005806490294117996, 0.08984313097478486, 0.061824137739978996, 0.8185410906631817 ],
		[ 0.027513771225280426, 0.11178566139374807, 0.00031970053265076287, 0.004983094448331581, 0.02944314376905766, 0.003011880855824249, 0.28833364073431267, 0.4487349702667377, 0.0858741367740572 ]
	],
"modelUserData_4": [
		[ 0.5767449974576105, 0.15858881032293753, 0.12180217460991986, 0.08519131160934486, 0.016106059821193574, 0.04156664617899361 ],
		[ 0.4002299705374092, 0.5982991512210143, 1.0881157575410565e-05, 0.0008118831196641896, 0.00023940651276356086, 0.00040870745157327336 ],
		[ 0.007900278099573143, 0.050684623585018795, 0.3544680390371995, 0.09883340622570337, 0.25443028968257625, 0.23368336336992895 ],
		[ 0.0015916042018436784, 0.039691168552887145, 0.07836243320113329, 0.2149420172368403, 0.21528888903639815, 0.45012388777089735 ],
		[ 0.011689005106968504, 0.10034671043334982, 0.3253463885751019, 0.26353844868788023, 0.28178728056658603, 0.017292166630113515 ],
		[ 0.001844144596594913, 0.05238953588479235, 0.1200100834190701, 0.33668293312056696, 0.2321480743804824, 0.2569252285984933 ]
	],
"modelUserData_5": [
		[ 0.39262600052322283, 0.40884606394451506, 0.1366445586701235, 0.04648646792931052, 0.00764048239866662, 0.007756426534161459 ],
		[ 0.546793587575876, 0.3507118830618564, 0.03595709305851588, 0.01659157493109283, 0.03476571052248548, 0.015180150850173366 ],
		[ 0.03658576517447303, 0.014248881651030406, 0.5599647957570513, 0.05403703451587048, 0.2047072533147258, 0.130456269586849 ],
		[ 0.01649323116166124, 0.2115904423457555, 0.08867913300127567, 0.28040364362009274, 0.3974699581840993, 0.0053635916871154765 ],
		[ 0.0023696375836595646, 0.009314125533273824, 0.14403306012784708, 0.07145135251812673, 0.2525681477777408, 0.520263676459352 ],
		[ 0.005131777981107295, 0.005288603463568794, 0.034721359385186584, 0.5310299264855066, 0.10284844780228197, 0.32097988488234885 ]
	],
"modelUserData_6": [
		[ 0.9262747651024681, 0.007681177126936688, 0.06155156722595647, 0.0020070379177292994, 0.002153663429077828, 0.00022055328113357707, 4.39920585412706e-05, 6.724385815677048e-05 ],
		[ 0.04672776773576896, 0.1842966037053871, 0.014242336209925828, 0.06135618996825081, 0.178109538513796, 0.39151718577052713, 0.016389371073190724, 0.10736100702315349 ],
		[ 0.02548593226371092, 0.4384054709155216, 0.13547303885430695, 0.04191935805991171, 0.2520853385616027, 0.04607522920803417, 0.05305308977909046, 0.007502542357821523 ],
		[ 0.0004177039867643843, 0.19361444160164382, 0.4516102628288052, 0.17577726279337585, 0.0402453290743643, 0.12556509044454897, 0.009265590570545264, 0.003504318699952245 ],
		[ 0.00027499604985292643, 0.0791220521685038, 0.07578179533307942, 0.17849331091100756, 0.2994773476973855, 0.013876112342021945, 0.15299601782487118, 0.19997836767327767 ],
		[ 0.0007978083705051581, 0.08273569972739371, 0.21336831611161353, 0.035778819920547496, 0.18577869412936127, 0.2807390341063645, 0.09946151712176032, 0.10134011051245395 ],
		[ 1.193221912510567e-05, 0.0104668563742606, 0.009394234775058402, 0.4641173612112994, 0.02640323800798904, 0.0929502094938754, 0.1889735206850391, 0.20768264723335295 ],
		[ 9.094271804452348e-06, 0.003677698380352581, 0.038578448661254185, 0.04055065921787776, 0.015746850586423455, 0.04905658535349415, 0.4798169008869619, 0.37256376264183133 ]
	],
"modelUserData_7": [
		[ 0.886116642429421, 0.07646132782313628, 0.010502848916980126, 0.010915057905008057, 0.013970064182728573, 0.002034058742725959 ],
		[ 0.026523993143615077, 0.8312999686100071, 0.0660900678361253, 0.009385443495983083, 0.053969064803324494, 0.01273146211094494 ],
		[ 0.07135707168653402, 0.03664009326617006, 0.4588514814758829, 0.041247047521770365, 0.19845617683719657, 0.19344812921244608 ],
		[ 0.015410453906357731, 0.038939911310447155, 0.013903128804171112, 0.8618525247834735, 0.06216963027233019, 0.007724350923220269 ],
		[ 0.0001521229163849679, 0.013657931400553379, 0.04258740931225031, 0.07262433982114294, 0.08691619753900556, 0.7840619990106628 ],
		[ 0.00043971591768720013, 0.0030007675896860046, 0.4080650636545903, 0.003975586472622056, 0.5845188663654144, 0.0 ]
	],
"activityUserData_0": [
		[ 0.7922059318289696, 0.04743133985713787, 0.1419560206819761, 0.01840670763191643 ],
		[ 0.11533421546084535, 0.7079201147347445, 0.11947371427523285, 0.057271955529177354 ],
		[ 0.025562953776453134, 0.08134887927444721, 0.035111287135693586, 0.8579768798134061 ],
		[ 0.06689689893373192, 0.16329966613367042, 0.7034589779070974, 0.06634445702550018 ]
	],
"activityUserData_1": [
		[ 0.23192389563172974, 0.0008258094528644719, 0.5080711945262691, 0.13276607580334304, 0.06177044302148022, 0.05075824932033107, 0.00010417689334944031, 0.01378015535063273, 0.0 ],
		[ 0.709607543996073, 0.23162521640707437, 0.023638424066940895, 0.012317655647484757, 0.0009513751607311957, 0.0007378120073446212, 0.0015649926551799444, 0.019556980059171225, 0.0 ],
		[ 0.014118222571079593, 0.5481359586658633, 0.19768264681783218, 0.06555244018177805, 0.12335328269773796, 0.027689684836084652, 0.003031284013834075, 0.020436480215790184, 0.0 ],
		[ 0.028237324128152393, 0.03531283152998228, 0.15516598363728093, 0.5627091454813063, 0.014312996945609183, 0.07692861810395771, 0.016313791741916474, 0.03180686540349555, 0.07921244302829906 ],
		[ 0.0067806492588459565, 0.14842390865616517, 0.027225557674761047, 0.046135492491130276, 0.5823629755854722, 0.07184601900891063, 0.004843606652755758, 0.04511268117606974, 0.06726910949588932 ],
		[ 0.0029442153459386146, 0.01391610641657661, 0.007447550821935513, 0.011958090038920703, 0.07732692149302406, 0.6001921381262506, 0.2591192503655825, 0.015666373495943527, 0.011429353895827913 ],
		[ 0.0037284120019401897, 0.014571254302885778, 0.05978714447966761, 0.10285681678611557, 0.08046182354768451, 0.03513251769177528, 0.5242830257043429, 0.1102905447877903, 0.06888846069779786 ],
		[ 0.0026597370662404703, 0.00718891456858803, 0.02098149797531265, 0.013942214482771702, 0.017846759943951015, 0.13671496090534546, 0.03488040789899804, 0.3503255392752883, 0.41545996788350426 ],
		[ 0.0, 0.0, 0.0, 0.05176206908714958, 0.04161342160430964, 0.0, 0.15585946407404078, 0.3930243802358186, 0.3577406649986814 ]
	],
"activityUserData_2": [
		[ 0.9626495111150373, 0.01398802647903132, 0.0028232517739262917, 0.010281324413990232, 0.004122994508791478, 0.0003453114474121612, 0.010922853500555768, 0.0 ],
		[ 0.006540723726316398, 0.378922360874091, 0.067180095609601, 0.05290526667744005, 0.13290991218831175, 0.27017822986487067, 0.08022618542375018, 0.011137225635618836 ],
		[ 0.01648378063674758, 0.0424254951813028, 0.41805539383210605, 0.4642394341922615, 0.02359408877767384, 0.017760139902461024, 0.016070222270850754, 0.0013714452065964524 ],
		[ 0.005685962177880517, 0.10041691488226841, 0.14203174615087946, 0.343153304523075, 0.3491059904540183, 0.02023989829701377, 0.00902155469594899, 0.030344628818915507 ],
		[ 0.006101792751084833, 0.3529472824076801, 0.1337052112839527, 0.10198602181980487, 0.20970255380353384, 0.012776203717225336, 0.10161270096793243, 0.08116823324878583 ],
		[ 0.015179266938209538, 0.030841076554842427, 0.006125451731843281, 0.0014439478194800146, 0.24551364845518528, 0.28818179782667747, 0.19788566193821566, 0.2148291487355463 ],
		[ 0.003330500630513031, 0.018423535422930452, 0.09630589819751652, 0.01730743899419473, 0.016569480726573202, 0.1633189876509779, 0.07020018239938594, 0.6094107027391636 ],
		[ 0.0, 0.062035308197853446, 0.13377295142017478, 0.00868326155975359, 0.01848133108591231, 0.22719943129336156, 0.4980891008275711, 0.05173861561537341 ]
	],
"activityUserData_3": [
		[ 0.1449208821396937, 0.1705760517867765, 0.43539366165880206, 0.07471769504287785, 0.13550930787718765, 0.013916523336114699, 0.008540043955946095, 0.01642583420260134, 0.0 ],
		[ 0.33324669414772556, 0.10062697507259541, 0.43389834123345067, 0.03877757708261486, 0.011290352533085912, 0.068522489742159, 0.006811897525426473, 0.010611447543606819, 0.0 ],
		[ 0.018103167468674918, 0.0849662165130412, 0.03980479049907479, 0.13879147906385098, 0.4874422737565112, 0.014543269185175057, 0.01468529660627611, 0.18737345588154117, 0.014290051025854678 ],
		[ 0.20492390951378503, 0.15360059551829522, 0.04622783934269073, 0.16787838850096443, 0.06937988553087752, 0.19397997349349738, 0.14713952857306037, 0.01162587595993344, 0.005244003566895892 ],
		[ 0.191349108005061, 0.027307346473828223, 0.0002492058069872216, 0.35370024068346734, 0.10566655810518236, 0.05266252271937576, 0.08323515006863133, 0.1858298681374668, 0.0 ],
		[ 0.006146737736906278, 0.04152122897882841, 0.025789300249424635, 0.18444856620075928, 0.15579824286873728, 0.5300245273654215, 0.0016460929859808439, 0.02497846825926674, 0.02964683535467515 ],
		[ 0.033760215218378055, 0.32700255604452294, 0.0036341770694765674, 0.03013885336799959, 0.00495697194335781, 0.1113812861102342, 0.36238221962648254, 0.11196869071507547, 0.014775029904472867 ],
		[ 0.014072426666424748, 0.01626802589036901, 0.015002684140093368, 0.011547200057465784, 0.010724939791896095, 0.014969408048022475, 0.11809098051246603, 0.08823042139049503, 0.7073081386221027 ],
		[ 0.05347685910335062, 0.07813100372174313, 0.0, 0.0, 0.019231467593164055, 0.0, 0.2574687901457302, 0.36295593791001335, 0.22873594152599852 ]
	],
"activityUserData_4": [
		[ 0.5800696846353728, 0.16895325745547254, 0.13238018115624042, 0.08925391647671722, 0.020988336368866274, 0.008354623907330777 ],
		[ 0.40490341667501434, 0.5869945659363078, 0.012482469929537074, 0.00548923983859871, 0.0009563967687257887, 0.008354623907330777 ],
		[ 0.007541382960717446, 0.06195386768260766, 0.3462551727097307, 0.09831827213466164, 0.2510025225132744, 0.23492878199900807 ],
		[ 0.006466449105457715, 0.06968840183700033, 0.07499989274155816, 0.24065791491767177, 0.2192965891387825, 0.36971003920401485 ],
		[ 0.0010190666234377796, 0.11240990708861158, 0.3224288233796882, 0.2574235791422821, 0.2792081967360522, 0.02751042702992818 ],
		[ 0.0, 0.0, 0.11145346008324536, 0.3088570774900685, 0.22854795847429882, 0.35114150395238736 ]
	],
"activityUserData_5": [
		[ 0.3863051066642315, 0.41309434544946066, 0.13354561820045388, 0.04838553002331162, 0.013958971618308297, 0.0047104280442339976 ],
		[ 0.5525783077203283, 0.3535745973532775, 0.03856514554895587, 0.017835890272228955, 0.031285590739896604, 0.006160468365312748 ],
		[ 0.017142997465866068, 0.006078659070326756, 0.5481232138301273, 0.0673776891650057, 0.18144765022356985, 0.17982979024510432 ],
		[ 0.007827527803191913, 0.22136648141120477, 0.07875756947278939, 0.2887798356773468, 0.4032685856354672, 0.0 ],
		[ 0.012989939528820695, 0.005885916715730397, 0.14764701169334768, 0.06617898155789943, 0.26629626821608476, 0.501001882288117 ],
		[ 0.02315612081756141, 0.0, 0.05336144125432593, 0.5114420733042074, 0.1037429335666733, 0.30829743105723195 ]
	],
"activityUserData_6": [
		[ 0.9194804460661129, 0.0046290222320773365, 0.05263318699070125, 0.014158034481825014, 0.003611897879032511, 0.00347092959027229, 0.009628061385911988, 0.0 ],
		[ 0.04432937600304927, 0.18464872965455226, 0.021425778249839635, 0.06619352983914341, 0.17114625658989932, 0.3949073691370709, 0.02432470192804128, 0.0930242585984039 ],
		[ 0.03280370292479688, 0.43834738008359936, 0.15034446225172426, 0.03399456928757897, 0.2460532111210011, 0.04597896350170286, 0.05247771082959665, 0.0 ],
		[ 0.004374693846973298, 0.18552469189123638, 0.4425661145416456, 0.16184532566747714, 0.04546458655673882, 0.13121035402764922, 0.006169387943244035, 0.022844845525035518 ],
		[ 0.005004153877917836, 0.0628375047792343, 0.08913519188087397, 0.19287312823820915, 0.30132769186184327, 0.002900474942864467, 0.15069766010914368, 0.1952241943099133 ],
		[ 0.0020532086612981594, 0.0888590241301496, 0.21812421887408937, 0.046064322413362994, 0.17260899448953415, 0.29301759478512607, 0.09778794310129493, 0.08148469354514468 ],
		[ 0.009944423265520832, 0.025161760485028994, 0.01294783377765661, 0.44115696172900654, 0.022229836272528353, 0.09231213079972593, 0.20169629234874872, 0.19455076132178398 ],
		[ 0.0, 0.009991886744121728, 0.012823213433469262, 0.043714128343396844, 0.03755752522942249, 0.03620218321558821, 0.43922823770834957, 0.4128712466997187 ]
	],
"activityUserData_7": [
		[ 0.8852929434103557, 0.06922549053888546, 0.005002182568213123, 0.018824442123346902, 0.021654941359198845, 0.0 ],
		[ 0.013471606339112926, 0.831272215491673, 0.0794452530256706, 0.0035009712539801367, 0.07230995388956334, 0.0 ],
		[ 0.06924401769771484, 0.03738234125877633, 0.4560620614714979, 0.04500327937737756, 0.21998339041250028, 0.17232490978213297 ],
		[ 0.02275218162041354, 0.03386976211679012, 0.00981235897666366, 0.8476217255677764, 0.074169756186273, 0.011774215532083257 ],
		[ 0.009239250932403045, 0.028066655383969377, 0.0579923130499487, 0.08504958167751897, 0.1267003291290057, 0.6929518698271543 ],
		[ 0.0, 0.00018353520990572678, 0.39168583090800607, 0.0, 0.48518162902345885, 0.12294900485862936 ]
	]
}