{
"user": "user_4",
"modelUserData_0": [
		[ 0.7165080974393252, 0.192019464220502, 0.08474802562241579, 0.005443544206753578, 0.0007027193603746485, 0.0001759969173935142, 4.549729304317843e-05, 0.00023805788601628789, 0.00011859705417579904 ],
		[ 0.01716232223353376, 0.39050593465950223, 0.054516853466364056, 0.4565917404719682, 0.04471528112750951, 0.02805475369836754, 0.0019965601663493758, 0.004662894428450665, 0.0017936597479546778 ],
		[ 0.21547925400288537, 0.23212271005977428, 0.2054140827787529, 0.1937791217749477, 0.1058806328980395, 0.04046827703084107, 0.0011441338885450282, 0.0017738570738373254, 0.003937930492376871 ],
		[ 0.0016616189747493705, 0.0932305680615424, 0.6181704135687328, 0.2816427079232327, 0.0034128528063124054, 0.00030503938042091336, 0.0012787879233121962, 0.0002340109050050656, 6.4000456692138e-05 ],
		[ 0.00719073919847442, 0.08289231965695633, 0.006491867877044674, 0.010154861986189456, 0.8029404036864609, 0.027251689609558923, 0.028917158564309483, 0.002897269191479636, 0.03126369022952614 ],
		[ 0.03752339872774924, 0.002820831375828036, 0.0098240644289839, 0.05205384767059862, 0.04032450596754908, 0.28628668033079624, 0.5223573759442979, 0.013877122142692032, 0.034932173411504966 ],
		[ 0.00346812251475042, 0.004012660339223483, 0.015096007209053497, 0.0001903365855030221, 0.00031614182326475463, 0.5572177985098655, 0.24220358638526687, 0.17305347349464922, 0.004441873138423286 ],
		[ 7.087506713148524e-05, 0.0023718096289477705, 0.0028029167673160804, 4.223849222909428e-07, 0.0011169248743836489, 0.020612169128234704, 0.0888981908473896, 0.353597805270356, 0.5305288860313185 ],
		[ 0.0009355718414007445, 2.370199772349854e-05, 0.0029357682813362608, 0.00014341699588450984, 0.000590537456105424, 0.039627595394521556, 0.11315870898748644, 0.44966550960751384, 0.3929191894380275 ]
	],
"modelUserData_1": [
		[ 0.6172103782740882, 0.28803889514800635, 0.011670317369225587, 0.060106430002583935, 0.0007235411762329064, 0.018212457319095585, 0.004037980710767445 ],
		[ 0.364338196281944, 0.14355099899666907, 0.47832021844280104, 0.010112895380533862, 0.0014575166453168987, 0.002211601498920394, 8.572753814660525e-06 ],
		[ 0.013775778483846961, 0.09703506762386876, 0.49757675064575174, 0.3010255789936858, 0.038888303493709794, 0.034219529246802605, 0.0174789915123343 ],
		[ 0.00041302021503370487, 0.34855290193093497, 0.0031720693372792983, 0.5334800722497813, 0.09281047357945481, 0.0056321884896904225, 0.015939274197825454 ],
		[ 0.004167016819727432, 0.07338810973740807, 0.008465135904386837, 0.04923844708639581, 0.7966049786205769, 0.006837824686133866, 0.06129848714537117 ],
		[ 1.0394497996351588e-05, 0.03296281955626526, 0.00024357377509398777, 0.02815572690150715, 0.022515464940231704, 0.401686531237671, 0.5144254890912345 ],
		[ 8.521542736332355e-05, 0.016471207006847524, 0.0005519345254614629, 0.01788084938551213, 0.046999721544477076, 0.531199867521686, 0.3868112045886525 ]
	],
"modelUserData_2": [
		[ 0.6081939706922189, 0.11405725045857909, 0.15849749379830372, 0.07272239643030051, 0.046528888620597786 ],
		[ 0.2798708929190698, 0.23281470664637535, 0.4234781815149603, 0.02252498590764883, 0.04131123301194563 ],
		[ 0.01577425190559578, 0.26153993767211275, 0.010740937851322569, 0.6257409927722672, 0.0862038797987017 ],
		[ 0.032550813850181846, 0.12120396448708111, 0.07312714161942674, 0.006150815019029135, 0.766967265024281 ],
		[ 0.06361007063293364, 0.2703841407358517, 0.3341562452159867, 0.27286080987075423, 0.05898873354447387 ]
	],
"modelUserData_3": [
		[ 0.24616369733276988, 0.3668196198916019, 0.12675035676075758, 0.14163705468692392, 0.09370086598449116, 0.021798169005542753, 0.0002074013688903071, 0.0012828506608178534, 0.0016399843082046568 ],
		[ 0.09391077159053855, 0.6118022917233331, 0.18942397296382035, 0.02535493068809413, 0.0779349338453318, 0.0013271928458928107, 5.792729789584145e-05, 3.436715049707382e-05, 0.00015361189459635902 ],
		[ 0.15730993877039195, 0.0018880663185740466, 0.5938994184690016, 0.04038827972767975, 0.10177292409781573, 0.03700000511856681, 0.03069117017236244, 0.012389128166763692, 0.024661069158843862 ],
		[ 0.3682902279790903, 0.00847702127177704, 0.08410333728376976, 0.12624695672517117, 0.12077921062104745, 0.1395317373028936, 0.10277378340117022, 0.031133827834867803, 0.018663897580212682 ],
		[ 0.07604236295908644, 0.0046968171076924746, 0.003851264132331598, 0.40198648104077056, 0.4042854847234506, 0.054747547935202964, 0.044137672497612176, 0.009702496452087688, 0.0005498731517655127 ],
		[ 0.025563949366775664, 0.0031472693840360264, 0.001127038697924526, 0.14073950056483422, 0.1383524430380679, 0.6523213071710363, 0.0053869505701889505, 0.007577708871964335, 0.025783832335172133 ],
		[ 0.02570454032083066, 0.0026528809033067057, 0.0006084698527958049, 0.0026379231042508414, 0.05432217130278044, 0.045847785295343044, 0.1298506770867485, 0.19360166758239097, 0.5447738845515531 ],
		[ 0.004585681338033555, 0.00023850330068189048, 0.00023113459829551299, 0.009694503273637564, 0.005026508939216288, 0.014708843204732334, 0.5229393327068892, 0.241357130782947, 0.2012183618555667 ],
		[ 0.0024288303424829993, 0.00027753009899686963, 5.007241303354158e-06, 0.11131437018863784, 0.0038254574477987044, 0.03271741212078937, 0.1639550848982425, 0.5029208224976636, 0.18255548516408507 ]
	],
"modelUserData_4": [
		[ 0.27032079739416126, 0.6261768546584978, 0.09370292204467862, 0.0011364513490742766, 0.005772244268136141, 0.0013626798601178017, 8.629410764841683e-05, 0.0007543711570078043, 0.000687385160677866 ],
		[ 0.6806664153595791, 0.11523838788603168, 0.05736945594933387, 0.027332562769081185, 0.045052881442348945, 0.006869322392781409, 0.04053174381571588, 0.01579169045588704, 0.011147539929240911 ],
		[ 0.04833910660437568, 0.18120340041121424, 0.22923844161105214, 0.16752606592170577, 0.18743513649610116, 0.04826492337893114, 0.10966017821894096, 0.018121153933246138, 0.010211593424432865 ],
		[ 0.0002348348502197777, 0.008329664070978482, 0.48639373273401837, 0.33533700980200964, 0.15509945556183777, 0.014075790073432237, 0.0004952166708212951, 3.171473831149734e-05, 2.581498370983846e-06 ],
		[ 0.00010166655399870867, 0.05317813418093336, 0.01522282318619903, 0.01729028272237688, 0.1322320947936332, 0.4946835076480996, 0.0800685996567843, 0.04138138398670964, 0.16584150727126534 ],
		[ 0.00023859256718475222, 0.005688025795769758, 0.06675925902190315, 0.27187461109155897, 0.27286674703284386, 0.02608716171806372, 0.08066448134774526, 0.1900175306114878, 0.08580359081344274 ],
		[ 4.340196261457168e-05, 0.0051153608201768425, 0.0315192318738136, 0.10110486386576083, 0.12509581539663073, 0.2526212515761437, 0.438855001122515, 0.0029333205255771045, 0.04271175285676775 ],
		[ 4.364819695090656e-05, 0.0030217413281370237, 0.008337254015747317, 0.0326243922196702, 0.03961498118007789, 0.05478391645816138, 0.2249603484319961, 0.17253287305378184, 0.4640808451154773 ],
		[ 1.1536510915283448e-05, 0.0020484308482607767, 0.011456879563254021, 0.04577376025876238, 0.036830643828390186, 0.1012514468942689, 0.02467813662783283, 0.5584359615379911, 0.21951320393032414 ]
	],
"modelUserData_5": [
		[ 0.24126573725091693, 0.14958654859027432, 0.34215026305458657, 0.2669974511042222 ],
		[ 0.7556460969443102, 0.043691230788716735, 0.03181912156079609, 0.16884355070617701 ],
		[ 0.0026198771512089855, 0.178074465113442, 0.3807704020260578, 0.43853525570929125 ],
		[ 0.00046828865356390555, 0.6286477555075669, 0.24526021335855958, 0.12562374248030966 ]
	],
"modelUserData_6": [
		[ 0.5856059465580872, 0.23312880671946465, 0.11573951867005883, 0.058278828381023044, 0.005378588367976821, 0.0009565506077441488, 0.0006005615732094007, 0.00026894095976055023, 4.225816267538319e-05 ],
		[ 0.17053916526189514, 0.05468030634455576, 0.6054875370406592, 0.07661281579749371, 0.07587400224331083, 0.009595887647916341, 8.37682662367238e-06, 0.0006453587059425179, 0.00655655013160282 ],
		[ 0.006692752075143775, 0.2475420035782948, 0.13920033439685484, 0.38342094948354544, 0.019719293398504832, 0.18005467213646245, 0.020834173170670284, 0.0009724795237696343, 0.0015633422367539306 ],
		[ 0.10961660921597276, 0.30421441817868994, 0.020831696532898607, 0.3398946894010006, 0.063468241112264, 0.08785456988215039, 0.06940682501620223, 0.00018158771394506955, 0.004531362946876488 ],
		[ 0.11802942337186528, 0.04032134588303899, 0.03262344824483433, 0.005871969287535667, 0.6836959095794545, 0.11945565133999606, 1.2388042064076171e-06, 2.5465190753049547e-07, 7.588371612519411e-07 ],
		[ 0.0033062344621438153, 0.11397367932391583, 0.031409540484652484, 0.12530322752538928, 0.03479361543790983, 0.0901419305972601, 0.5515395877767358, 0.005533813401747111, 0.043998370990245804 ],
		[ 0.0038697629795635333, 0.003891322925764408, 0.03595365344332334, 0.008101772974181342, 0.0921230312241359, 0.33333950971061355, 0.34736340493221163, 0.15847260269376087, 0.01688493911644537 ],
		[ 0.00022234726072710063, 0.0020589819919751944, 0.015815772238897755, 7.538767424933402e-05, 0.013990787053099115, 0.1292502821401501, 0.0071424736662768235, 0.24427890595815016, 0.5871650620164744 ],
		[ 0.002117758814601407, 0.00018913505430037062, 0.002938498947820653, 0.002440359475581616, 0.010956531583344154, 0.04935094593770706, 0.003103358233863677, 0.5896460563910165, 0.3392573555617645 ]
	],
"modelUserData_7": [
		[ 0.5089849616219677, 0.10638587170107898, 0.3795298474084441, 0.0031923079221986067, 0.0014606817352706832, 0.000446329611039916 ],
		[ 0.3352796132781748, 0.09426001357610961, 0.05366819963022644, 0.47273516351185296, 0.011978470778345494, 0.032078539225290775 ],
		[ 0.12123007686588043, 0.7922280279233982, 0.0856648282856801, 0.00025571266449204077, 0.0005113725706569649, 0.00010998168989231145 ],
		[ 0.014698265099610695, 0.00481874896079618, 0.45516549284889585, 0.06039191034371877, 0.27019593740474207, 0.19472964534223647 ],
		[ 0.009740095131888511, 0.0016952793756367958, 0.025720552938280863, 0.19977071696078053, 0.24274547451186668, 0.5203278810815465 ],
		[ 0.010066988002477857, 0.0006120584629803136, 0.0002510788884726861, 0.26365418859695705, 0.47310806299911823, 0.252307623049994 ]
	],
"activityUserData_0": [
		[ 0.7387144710660604, 0.1930417092986498, 0.10932419951617584, 0.0021252142706472826, 0.002561758781495132, 0.008463451930460858, 0.019159461442039165, 0.011161204406682943, -0.08455147071221139 ],
		[ 0.01822370702417558, 0.39347373915520517, 0.05199184520897883, 0.46782468477480593, 0.05572456220801632, 0.014554793816052973, 0.0024725228141717053, 0.003763409933206119, -0.008029264934612618 ],
		[ 0.21772202466718316, 0.21804799558594823, 0.21922425183722788, 0.1960524261523977, 0.115527601095557, 0.0621916377540435, 0.0021273256058260146, 0.020049242228274512, -0.050942504926458 ],
		[ 0.00455207975822834, 0.09726987928217844, 0.6158678099874803, 0.2829487353444822, 0.007673675350371306, 0.00807816811162928, 0.001878596758347752, 0.00887962610871711, -0.027148570701434734 ],
		[ 0.0011919996127379056, 0.0801755055913849, 0.019171131001801046, 0.013492077955419754, 0.8064783058794827, 0.03624180825018936, 0.038746926580879484, 0.011609048400338006, -0.0071068032722329845 ],
		[ 0.026066350946889638, 0.012627841432963471, 0.008483902477286332, 0.0536815774264554, 0.05061293033334204, 0.2888286710830525, 0.5068589892272239, 0.03884772488612532, 0.013992012186661344 ],
		[ 0.006491560374543428, 0.009425424374596671, 0.02002364661237445, 0.0015074349765934556, 0.0011075783706235947, 0.5555753635783769, 0.2431666087367021, 0.16644442017992994, -0.003742037203740556 ],
		[ 0.0074857633144348795, 0.0024366351674536546, 0.013240215909096485, 0.008262197218988472, 0.0028204176529171105, 0.029359349100920584, 0.08404249181619773, 0.3657074562465177, 0.48664547357347354 ],
		[ -0.020447956764253296, -0.0064987298883803606, -0.05732700255042109, -0.02589434811979016, -0.04250682967180525, -0.0032932436247259944, 0.10154707701861203, 0.37353786761020835, 0.6808831659905556 ]
	],
"activityUserData_1": [
		[ 0.6262852199235384, 0.28975493149894216, 0.0055647122194082315, 0.05801528322548437, 0.007461520068419434, 0.022270466105119572, -0.009352133040912121 ],
		[ 0.35252357643079646, 0.1439181425704088, 0.4721783137275614, 0.006457047706060103, 0.02049532155202047, 0.001454435509957025, 0.0029731625031957226 ],
		[ 0.006845652345063337, 0.0993332203040875, 0.5085287776169124, 0.3001013917496392, 0.020877341067037876, 0.0208128942648433, 0.04350072265241643 ],
		[ 0.0008089035970429885, 0.3353842027673962, 0.008301742199190481, 0.5471325805973744, 0.08847073845610262, 0.0053726025145026815, 0.014529229868390683 ],
		[ 0.016672195685668634, 0.06887025662462273, 0.022193155210426717, 0.06791048966875687, 0.794047404856055, 0.012595968239040873, 0.017710529715429173 ],
		[ 0.0005962518686281046, 0.03536501016466834, 0.014850730129131712, 0.032155423582488, 0.028427313548938644, 0.39951544293635477, 0.4890898277697904 ],
		[ -0.0037317998507378825, 0.027374236069874214, -0.031617431102631016, -0.011772216529802822, 0.040220360451426004, 0.5379781904301817, 0.44154866053168973 ]
	],
"activityUserData_2": [
		[ 0.6051947958118628, 0.10830572157488433, 0.1681773485233753, 0.07572095034460005, 0.04260118374527758 ],
		[ 0.2862691893188983, 0.23574701331661477, 0.4088563712753688, 0.007322193726958031, 0.06180523236216023 ],
		[ 0.026242734808292156, 0.2695957722293041, 0.01150768369206338, 0.6335130312398584, 0.05914077803048201 ],
		[ 0.03272649512356362, 0.11794154147724352, 0.06393508173465813, 0.0031294357694539657, 0.7822674458950807 ],
		[ 0.049566784937383195, 0.2684099514019533, 0.3475235147745344, 0.2803143889191296, 0.05418535996699958 ]
	],
"activityUserData_3": [
		[ 0.25246200102991045, 0.3727360325382463, 0.1342939692454475, 0.13128111203512752, 0.09475742754497268, 0.010437884495588986, 0.0006544308174312433, 0.0025430591822245756, 0.0008340831110507552 ],
		[ 0.09877684735345488, 0.6076147240496037, 0.19976961029695106, 0.009986747652403042, 0.07222376494132904, 0.0038999251136918223, 0.014567311322165053, 0.005996096202657431, -0.01283502693225608 ],
		[ 0.15168519780422554, 0.001450100392290519, 0.5881539985302469, 0.0480590938925083, 0.10759396056590037, 0.04710612904509924, 0.05218348397111659, 0.0017909996703382829, 0.0019770361282743128 ],
		[ 0.3873764012535692, 0.0005615754898479104, 0.07143337618958555, 0.13164520796394927, 0.12378612485418955, 0.13926441368470682, 0.09240952408100919, 0.02831473681989871, 0.025208639663243743 ],
		[ 0.07519829777329706, 0.010902928829463764, 0.02079387666998453, 0.40559775912699353, 0.40525125590310873, 0.04771575251477939, 0.036040960880438594, 0.014948179703757494, -0.01644901140182306 ],
		[ 0.028504216335851366, 0.0051787745284940885, 0.002714078755408118, 0.14826988307949138, 0.14040567916165325, 0.6438194104375519, 0.006124209866727689, 0.0030208208686654404, 0.021962926966156822 ],
		[ 0.022186293826568518, 0.004747291410393716, 0.0027454728875372742, 0.000574211152643239, 0.05108127159947005, 0.056546987479581715, 0.13504108535888304, 0.18657926991883353, 0.5404981163660888 ],
		[ 0.01305032972405155, 0.0006922753001319884, 0.005091970655107626, 0.011329718073967559, 0.027351612961899693, 0.014899394123031021, 0.5262556708637327, 0.22223325384462767, 0.17909577445345037 ],
		[ -0.02923958510092849, -0.0038837025384719673, -0.02499635323026847, 0.11325626702291619, -0.022451097532523587, 0.036310103105969056, 0.13672332283849586, 0.534573583788997, 0.2597074616458145 ]
	],
"activityUserData_4": [
		[ 0.2755624078864659, 0.6193780198682645, 0.08852794459365243, 0.007107533039627495, 0.003579165646536136, 0.0007304233204657937, 0.006678161973647765, 0.0016498747395292473, -0.003213531068189239 ],
		[ 0.6711130321808698, 0.0982942711348199, 0.0621290146940551, 0.021473192781448467, 0.059763113864318235, 0.003402442132833113, 0.01672350738989788, 0.013176640781734346, 0.053924785040023154 ],
		[ 0.06449156522782064, 0.17931960352497223, 0.2346185358973101, 0.17519581086897001, 0.1721772549261916, 0.0327896253168022, 0.10853562030478095, 0.019522795172319654, 0.013349188760832645 ],
		[ 0.002370253204077235, 0.01252573239050608, 0.48959485485864673, 0.3318339384356436, 0.161074598982449, 0.009398006487992496, 0.006418865716593756, 0.001037960295980707, -0.014254210371889588 ],
		[ 0.002901059877461037, 0.05507209954275041, 0.013355065341112554, 0.02667228999434068, 0.15683785349617335, 0.4967070067250063, 0.06917908450667061, 0.05232270585708086, 0.1269528346594042 ],
		[ 0.020216364248760343, 0.0031931255346324973, 0.06767436887006022, 0.2743990203410007, 0.27351803541377273, 0.02098206844769451, 0.08362271367096803, 0.20396747490472938, 0.0524268285683816 ],
		[ 0.0009347076578748555, 0.017344878184210495, 0.04022737661576427, 0.09876079420693913, 0.12108470675887327, 0.2573790584987293, 0.4428251634365495, 0.002251757678547791, 0.019191556962511406 ],
		[ 0.0034926309850179865, 0.015388917763109052, 0.007922491351629013, 0.03758656645005938, 0.0172147000582314, 0.06019601015362963, 0.2371694669456091, 0.17517434504807275, 0.44585487124464174 ],
		[ -0.041082021268347826, -0.0005166479432651503, -0.004049652222230365, 0.02697085388197054, 0.03475057085345424, 0.11841535891684668, 0.028847416055282293, 0.5308964455220052, 0.305767676204284 ]
	],
"activityUserData_5": [
		[ 0.23436737479710074, 0.15538205767086666, 0.3557312326912667, 0.25451933484076594 ],
		[ 0.7639779058155389, 0.054289978402564235, 0.04689244160001778, 0.1348396741818791 ],
		[ 0.0015505148838067815, 0.17442843549835962, 0.3803762487850818, 0.4436448008327518 ],
		[ 0.00010420450355361124, 0.6158995284282095, 0.21700007692363366, 0.1669961901446031 ]
	],
"activityUserData_6": [
		[ 0.5897044314471868, 0.2286468901962167, 0.11105390543605807, 0.055674660321151384, 0.014022364815933617, 0.01736701732494313, 0.004131622302946285, 0.007349763724686357, -0.02795065556912231 ],
		[ 0.1635914655542287, 0.07049687179634309, 0.6010369540082954, 0.07431110687899668, 0.08466153454150906, 0.024658815499834674, 0.0009508133146637559, 0.01271950726533103, -0.03242706885920246 ],
		[ 0.008979410288550696, 0.2489607194099782, 0.13807258552541404, 0.39367462327024727, 0.003116985119978242, 0.19656591939390822, 0.02735565927176277, 0.012617415800106398, -0.029343318079945772 ],
		[ 0.11356497758526443, 0.3242664208087383, 0.018854892006097485, 0.33865906574551435, 0.05774904945417226, 0.07679240649604112, 0.07521909549946033, 0.003212335429940009, -0.008318243025228293 ],
		[ 0.11566850358039898, 0.04049194412135629, 0.026377172868666206, 0.009514988188277859, 0.6969264026154104, 0.12900843837635137, 0.009652010768364593, 0.0061038961043683, -0.0337433566231941 ],
		[ 0.0020783505979973986, 0.09516229561013353, 0.0160014177175037, 0.12306973084154792, 0.03836018721459571, 0.08439896532937757, 0.5624857998529544, 0.014251599683344579, 0.06419165315254502 ],
		[ 0.014663677170926297, 0.0006161608545338336, 0.044366528715554895, 0.011418303886045601, 0.08347379902519995, 0.3437525994413724, 0.3446850741164129, 0.14875174941628255, 0.008272107373671567 ],
		[ 0.003689750066393862, 0.007328206484954105, 0.013933420115419523, 0.0008875877809314354, 0.0066971460445332445, 0.11456695409433434, 0.0007228631918813179, 0.2421808689014062, 0.609993203320146 ],
		[ -0.011940566290947148, -0.01596950928225404, 0.03030312360699068, -0.0072100669127125394, 0.014992531168667467, 0.012888884043837229, -0.025202938318446454, 0.5528128636745345, 0.44932567831033043 ]
	],
"activityUserData_7": [
		[ 0.5083126698280566, 0.1068115560036387, 0.37064923749630035, 0.012620703636097817, 0.004297032468621185, -0.002691199432714594 ],
		[ 0.3470374234415605, 0.08313610875940548, 0.054472749761585, 0.472293777725036, 0.03109632870444633, 0.011963611607966673 ],
		[ 0.11469087094788852, 0.8013368257801811, 0.07587335829447521, 0.021495531326674668, 0.012135156451104098, -0.02553174280032358 ],
		[ 0.004316970750038767, 0.010900394332476544, 0.46260910276852574, 0.06561655189831093, 0.2780837799407835, 0.17847320030986447 ],
		[ 0.02752782490891149, 0.008647566826209518, 0.025858756669605958, 0.18685875481970343, 0.24639443465256924, 0.5047126621230005 ],
		[ -0.00188575987645586, -0.010832451701911267, 0.010536795009507667, 0.24111468059417718, 0.4279932677824756, 0.3330734681922066 ]
	]
}